   1.9359372334452629e-01  -1.3948115776653491e-01   2.2755960765145550e-01   3.8461044006917333e-01  -9.8624660094129443e-02  -1.3572070609831002e-01
  -9.6090162706436810e-01  -5.9642979441576227e-01   2.6779958192445177e-02   3.4355936228978776e+00  -4.9036657261381005e-02  -1.9561811747495588e-02
  -3.2618312183109072e-01  -4.1986940119719443e-02  -3.6266676636476247e-01  -5.9578460511933620e-02   3.5671273722666347e-01   2.2301177621274987e-01
   2.0122737542654842e-01  -1.2161598605982026e-01   4.6525633218032048e-01  -7.8378074459670016e-02  -3.0197756839287289e+00   5.9563937154814539e-01
  -7.9431983438722997e-01  -1.3676233446077124e+00   7.4097185050845315e-03   4.2688200816726489e+00  -1.0371213224015479e-02  -5.4647165340330050e-03
   7.3103951809059786e-01   1.0817067612826574e-01  -8.3794877155001866e-03  -8.4795066090591814e-02   7.4265872810272892e-03   5.7098396356759559e-03
  -6.1996717404138768e-01  -3.1326043373393231e-01   5.2690053542902978e-03   1.3709087811687979e+00  -4.3836005122656401e-03  -3.6292859755264278e-03
  -2.8431627343410942e-01   3.3085087450076343e-02   7.9682310432198128e-04   8.9989412633255761e-01  -2.2691138977903955e-04  -4.3325664241927817e-04
   7.4243627688930836e-02  -1.9302395484453814e-02  -9.9107908960288760e-01  -6.1707119262036932e-02  -8.4068472659998539e-01  -9.4068668897055485e-01
   4.5954707372832804e-01   7.4826572761289942e-02   1.1822286093395506e-03  -6.9052191413074215e-01  -1.6820771740269755e-03  -7.5816601395956962e-04
   7.0015361400910872e-02   5.3262770097583623e-01   1.7942119600634617e-03  -5.2711845592382832e-03  -1.6167727433693344e-03  -1.3349599615663018e-03
   4.8851153855764939e-02  -7.3419391250926960e-02  -9.3138907877929411e-01   2.9615641477482083e-02  -8.5191034930891429e-01  -8.8719075943810344e-01
  -1.7779643556866381e-01  -2.5822968337379498e-03   1.2582762312812046e+00  -1.3526563149031395e-01  -1.1766485190731892e+00  -8.2987846138098031e-01
   7.1100967675681837e-01   6.1798701355475461e-01   3.8466361981624414e-03   3.9220955787417577e-02  -2.6868981682142035e-03  -2.9806701401310100e-03
   5.0782437827692173e-01  -3.0122515830300217e-01   1.1935050389245093e-03   1.9161761598958468e-01  -1.2226545304483223e-03  -1.8380725706542884e-04
   1.0339845987764897e+00   1.1328145766972302e+00   5.3884836479015366e-03  -2.8631626014747344e+00  -3.8456426126279000e-03  -3.6876405324571346e-03
   3.5753690902191243e-02   7.3249407097116942e-02  -1.3183944597126578e+00  -5.3477241662336659e-02  -6.3527813643695308e-01  -9.4404183892349303e-01
  -1.0680550197334355e+00   8.8776612355640008e-02   1.0519494766787459e-03  -2.3370042376588132e-01  -1.2216636990937989e-03  -6.7721649265429075e-04
   6.6215629470509227e-02  -1.7143811313173529e+00  -3.8602017256065359e-04   1.3086385981004039e-01   7.7538550574976842e-04   2.5319596450091326e-05
   1.3659926465123082e-01  -1.1148888096279158e-01  -7.6238807442487433e-01  -2.2895259730572654e-01   3.2567646783570980e-01   3.8912192215436394e+00
   4.1749162168509208e+00
  -3.6802885962705632e+00
  -3.3690140168259233e+00
  -3.2731174022863745e+00
  -3.7645746507788047e+00
   6.7468052057444813e-02
   1.1490834207590872e+00
  -5.0537968318537563e-01
  -2.7054939731006304e+00
   2.9834333047225270e-01
   5.9670097873438155e-01
  -2.6212623511070317e+00
  -1.8373761487625810e+00
  -1.1966390715797164e+00
   1.0891787308020444e+00
   2.3387801875537559e+00
  -3.1090002661171314e+00
  -2.1713065390257955e+00
  -2.9827207705033141e+00
   4.0979991090601118e+00
   1.7920659176050242e+00  -6.2557634040503185e-01  -5.8368821612448896e-01  -1.1568964455524933e-02   3.6271587881087921e+00  -1.2269179981720408e+00  -2.8055255234331145e+00  -4.3754477573574624e-01   1.1055657908001536e-01  -2.0003602983051301e+00  -6.4877777111146917e-01   1.1101219978685576e-02   1.5849945751401449e-02  -2.4035371171676720e+00  -1.0315820420004973e+00   7.0315802431167237e-02  -1.8098626578054619e-01   1.2574781527724266e+00   8.5058030681775795e-02   7.0244883277685429e-03
  -4.2227356591123205e-01   1.0754951255565412e-01   6.2215338917926459e-02   1.1251558498751571e-01  -2.7060896358096531e-01   1.1675684999380167e+00   8.7921789913413317e-01  -6.0578992130352838e-01  -5.8346064183134616e-01  -6.5059927054578126e-01  -4.7374974169267453e-01  -4.4690421012459391e-01  -3.6722950576220925e-01   9.9523281491189185e-03  -5.0802061348372196e-01   5.4240457428544853e-01   1.5126653634828326e+00   3.3879037180649885e-01   9.4908569700683043e-01  -3.3967029971328722e-01
   1.2190653318606127e-01   7.2008882492223403e-01  -8.0053086340028168e-01  -6.0381243347803504e-01  -8.2184935097652856e-01  -7.2868419472812251e-01  -2.5485601395408769e-01   1.1075138815413684e-02  -1.3895561948247956e-01  -1.1862627896704343e+00   5.0395000049766506e-02  -3.7415393159745286e-01   4.4077672979103444e-01   5.2896343531146739e-01  -3.2470342328707541e-01   1.0742409803187625e+00   3.4793013870739098e-01  -8.7891242052451756e-03  -3.6352099297326151e-01   3.8739234672688566e-01
  -6.3164769596874970e-01   7.9560497344749193e-01   3.9581623457112225e-01  -1.4782318597230454e-01  -1.0130143756535173e+00  -6.0596756901387820e-02   2.0875415520393845e-01   4.3991166221228634e-01   2.4200579966366287e-01  -6.4607476649231421e-01   1.4141947401942416e+00  -7.8315954476282978e-02   9.5970985011881046e-02   5.0099554784474098e-01  -2.8783215717662729e-02   7.7057876918759050e-01  -2.8831248877921312e-01  -3.9534088115829102e-01  -4.2167226662705837e-01   2.7027313851129831e-02
  -5.9935272970928022e-01  -6.5982785086134588e-01   5.2877514302742878e-01  -5.3015318293005542e-01  -5.7748324657997163e-01   4.9755430138004292e-02   1.4998756314049510e-03   7.4178655719514608e-01   5.1622320051732151e-01   4.2256168362613346e-02   3.9618097823541747e-02  -6.0369330465824600e-01   3.5687860052371806e-01   4.7709686170128912e-01  -2.0988653687471373e-01  -1.2403264368802798e-01   1.6047250007563110e-01   2.8434700103966655e-02   2.6159478158444677e-01  -1.9454606586594680e-01
   1.3505470537047004e+00   7.6477518562027147e-01  -1.2177212906819292e+00   1.8551253807338210e-02   7.6108903902159297e-01   6.1194602330310521e-01   2.4287628482194679e-01   1.7055641376817146e+00  -2.5892315961193596e-01  -6.9897875842002954e-01  -1.6711740188788866e+00   1.0081331052015137e-01  -2.4855453193674173e-02  -5.4566596487647612e-01   2.8474284874870692e-01  -3.3154387011174496e-01   2.1709418860643989e-01   2.8216374156033071e-03   5.2017950831847581e-01  -4.1115643248473298e-02
   5.1101242378888445e-01   7.4971111930677914e-01  -1.1021621678805971e+00  -7.5649549538807873e-03   5.1956296682845959e-01  -7.6642568823565738e-01  -5.2267259715329206e-01   7.2266000726619672e-01   2.1726512011201091e-01   8.3251240714729691e-01  -5.4436734233462480e-01   7.2610882792039115e-03   1.8066584303497800e-02  -2.7464667536371140e-01   1.6430968044819610e-01   5.9828648726187628e-01  -3.3893515512538397e-01  -1.2373709009462668e+00   2.3175029258880559e-02  -7.3045293651434626e-02
  -8.4818254883209598e-01  -6.3599936635805751e-02  -2.7725334274876762e-01   4.1196869801125115e-02   6.9426711154542534e-02   3.3162665872741959e-01   5.2908333931289062e-03   4.0038808338551202e-01  -1.1632386244375247e-01   1.0679840337404534e+00   1.1434449930579324e-01   2.7918615378781475e-01  -1.9623254642928474e-02   2.5744342922573626e-01   4.7675827362540546e-01   1.0178137626791882e-01  -1.5016913540664753e-01   2.0103900209610245e-01   1.6287971911711180e-01   1.3719890298067136e-01
  -5.0069428557077544e-01  -8.2406186304781526e-01   5.5841024666712299e-02   1.7612871684412690e-01   9.1462838112024947e-01  -7.1388634888159463e-01  -4.0596576168421095e-01  -2.1035948526121109e-01  -4.2484303175703719e-01   5.0045290219980243e-01  -6.6293570250319334e-01   5.0015238338168699e-01  -1.7714293916794877e-01  -9.8070221031506555e-01   8.3824690596664908e-01  -2.3310512602436043e-01  -1.1402887543096132e-01  -4.6339036923119348e-01   5.3133016365781494e-01  -6.7328281578553181e-02
   1.6934907059758109e-01  -8.9098248551890380e-01  -3.4808000683671209e-01   1.0788873904205669e-01  -3.4944953842188320e-01   6.6535962549035033e-01   3.9970384418654786e-01   4.5195728576763294e-01  -8.0271965409442841e-02  -3.3722560566573428e-01   1.3993782212137901e-01   6.6142362741550657e-03  -8.7508872508990004e-02   4.7109937914111694e-01  -8.3704630444917616e-01  -2.8359776436714740e-01   1.3442824420081853e-01   3.4989396208741202e-01   9.2430089201014964e-01   6.0366816835833580e-02
   8.5805644063421792e-03   2.9328387875014399e-02  -2.7228562917736604e-01  -2.5419249246498021e-02   1.1081317716745172e+00   1.0152307529912834e+00   1.5289450869600498e+00  -5.8543818116123014e-01  -1.4080102658959673e-01  -4.4037200701418772e-01   1.3969045881428797e+00   9.4817571355322705e-02   2.5354872384064860e-02   5.1615521748552773e-01  -5.8332897645773624e-02   2.0971019097239052e-01   6.5951999676022430e-02  -2.3878715784073667e-01  -2.2161730162952415e+00   5.6813539798016142e-02
  -3.8853010859866377e-01  -7.5259897409890475e-01  -2.8474323009457503e-01  -5.3642664567721055e-01  -2.0313369270220660e-01  -1.8734028312337456e-01  -2.2773393993845509e-01   5.1276602360766899e-01   4.4862395411920031e-01   6.4790003376359795e-01   1.4269357103912428e-01   2.1140180120395966e-01   1.2696263370880632e+00  -1.2768597767878687e-01   1.0884747037563118e-01  -4.0976281044176449e-01  -1.1834384980628272e+00   8.6534128357939466e-01   3.3256238594819694e-02   1.2246994617662810e-01
   3.5002733311355089e-01  -1.9335528274275826e-01  -5.5322729110069280e-01   5.1079309123493433e-01   2.1507081535179592e-01   1.0939912701732785e-01   2.2530006022423396e-01   4.2426952887283964e-01  -3.2230092869452742e-01   2.0837259290295818e-01   7.1198806367821915e-02   8.8966184250382041e-01   4.3340601957501161e-02   1.6918587744554448e-02   8.4357311220124728e-02  -2.3590932523788086e-01  -5.9922218901706603e-01   4.4493765230654597e-01  -4.1254239539303306e-01  -1.2095434405705987e+00
  -1.0806889002384683e+00  -9.3723631461217716e-01  -5.7473120976074110e-01  -1.7732064686621436e-02  -2.4286826407569451e-02   6.2622651743444135e-01   4.4521019288516844e-01  -1.2445475591209161e+00  -6.6515617048219358e-02  -1.4745374731810759e+00  -4.2320503592074343e-01   5.6748163987805127e-02   1.1238704424671148e-01   1.3207570824610601e-01  -7.1855900621593793e-01   7.3684479301036943e-02  -8.7981811397574942e-03  -1.6504810590603729e+00  -1.5529482330701474e+00   2.7546146742739204e-02
   1.1833802503676005e+00  -2.2299230000904596e-01  -1.5473366016019141e-01  -3.1686479236520355e-02   4.3690237703792240e-01   1.0257080428610134e-02  -8.8475723080247581e-01  -3.3013368660890002e-01   8.3338811863696682e-02   4.3898382066987807e-01   1.6342568091236809e-01  -5.7403459090586348e-03   6.0224721024932537e-02   1.7670630320988659e-01  -4.4861532814972227e-01   2.1984910515876316e-01  -7.3688712286743105e-02   7.8511547414819238e-01   7.3023011634976787e-01   9.1635343207408279e-02
   3.6955046505766587e-01  -3.0520289009159672e-02   1.3979625935160223e-01  -8.3725079946180381e-01   3.0758565735543064e-01  -1.1402907776630448e-02   1.8662174782852922e-01  -8.8720259341325713e-02   4.9502255752946422e-01   5.4613541699030466e-01   3.4714989819238506e-01  -5.6157029506436318e-01  -2.0778984397229994e-01  -1.5833779789282898e-01  -1.4640608753178433e-01  -3.0429917941475126e-01  -1.1035445919728971e-01   5.1411054139326791e-02   4.5591856600441061e-01  -1.3760165845969408e+00
  -5.8875509066853161e-02   7.4352747388401197e-01   8.2513706930060171e-01  -7.4203562540861190e-01  -3.5739444844470680e-01  -2.7086604862342439e-01  -3.3282269544367016e-01   5.5781359473944331e-02  -1.0897334049283795e-01   2.5431586103297144e-01  -1.6164958194239445e-01  -1.5724444665382636e-01   5.1182060516970784e-01  -1.8301131011216465e-01   1.5662574573334148e-01   3.9299685865969725e-01   1.2240571891928585e-01  -1.0032814006038566e-01   5.7781767308549481e-01   1.1879587319832379e+00
  -6.5981634126749580e-02  -4.5173434197295115e-01  -4.2525894479124093e-01   7.6524010650673158e-02  -4.6987489151782874e-01   8.2031044133167963e-01   4.8870978347083488e-01   2.3502504534516791e-01  -1.0698365028318362e-01  -1.0342379061413507e+00  -3.3584205449763549e-01   2.3500073664957495e-02  -6.7752725396155553e-02  -1.9728925541802705e-01  -1.6126558045197864e-01   9.7165180720236266e-01   1.7155887768988531e-01   1.8678244382790392e+00   3.6046703711123129e-01  -1.4730719382363280e-02
  -4.2299417732779931e-01   3.5754117984004918e-01   5.4506081506678639e-01   3.3389529248455563e-01   4.7848726589105300e-01   3.9712015884650920e-01  -5.8116651259133567e-01  -4.2565056490426839e-01   1.1497754111891710e-01  -2.0072225988750711e-01  -4.2088295481871499e-02  -4.7093216660804937e-01   5.9258357545639595e-01  -1.3223558478489325e-01   4.7283216428936553e-01  -2.9090302231037313e-01  -3.9965861162063757e-02  -3.2310063673184813e-01   3.1229134757814303e-01  -1.2727316537735683e-01
  -5.6609629686359275e-01  -2.0195194428836141e-01  -1.5820870597176059e-01  -3.5770814951954180e-02   1.1033348100231721e+00   2.3755155493163744e-04   4.4741076589206413e-01   7.6880769503642066e-01   3.2894362637320285e-01  -4.5472184758520645e-01   2.1137652060589843e-01  -2.3720166117114061e-01   1.4170049540870716e-01  -3.3382209431047560e-01  -2.4522338938153160e-01  -6.4904758380933492e-01  -2.3826229135575372e-01   1.2543193621081755e-01  -3.6742977305745064e-02  -2.2129904213876081e-01
  -9.2135441992265921e-02
   9.2890572210189648e-01
   1.6289229866512358e+00
   8.6189786765365861e-01
   6.0191100781482088e-01
  -6.7661363433431182e-02
  -1.1093761802560747e+00
   2.0895249659614287e-01
  -9.9834845524990903e-02
   1.6458068277268509e+00
  -6.4628797641179991e-01
   1.8969364720042953e-01
   7.4862963661895598e-01
  -3.1041755594219391e+00
   1.9642097468947284e+00
   9.6059466634488133e-01
   1.5977368042177365e-01
  -5.7764969748883788e-01
  -1.5427060298373663e+00
  -1.6909540277575550e+00
   2.7793567840181965e+00  -2.9368348929148141e-01   1.4248095308417166e+00  -1.2719095828783473e+00  -5.0176865973962526e-01   2.1174830797740926e-01  -2.3098365935385834e+00  -3.9916850052148556e-01   2.2157246465773145e-01   2.7863205311774357e+00  -2.1147253906077252e+00   8.1554145878548412e-01  -6.5833698133679142e-01  -3.6095740938649978e+00   2.8553338214007371e+00   2.7533496728117363e-01  -7.4883850240809491e-01   1.0419917936010974e+00  -6.1574236094637125e-01  -1.2493127276487153e+00
   5.0371970694250479e-01
   1.3589662109768199e+00   2.6469372444217800e+00
   1.5018682501857901e+00   3.3206590475075699e+00
   5.8692182633370216e+00   1.4435900000000000e+01
   1.3826476840474500e+00   4.9108327012906097e+00
   3.8652100819412500e+00   1.5378800000000000e+01
   3.4262112532640701e+00   1.5394900000000000e+01
  -7.0186337506499996e-01   4.4472871079490002e+00
  tansig   tansig
  6-20-20-1

Nov13_oh3_f12a_asy13, rmse02_l=0.1157 meV
