   1.8479933909866447e-01  -3.7402058992266002e-01   4.0977614698887992e+00  -2.3446448161562941e-01  -1.0850208151855842e+00  -5.0269496651802852e-02
  -6.8033933136218305e-02   6.3280475927748359e-01   6.6755721535444346e-02   1.8559018122736541e+00   6.1617561251362840e-01  -1.8310098365382504e-01
   5.2137374863207638e-02   3.2984573524411283e+00  -2.5546833605754732e-01  -1.5807128389414485e-01   4.4789281767010185e-02  -2.5649163919744294e-01
   9.7168175794393311e-02  -1.3692628589688238e+00  -2.2281743628074560e-01   4.1758534985428062e+00   1.2060388764834182e+00  -1.3164514238217720e-01
  -7.0189517049533259e-02  -3.0269356446907723e+00  -1.6923502886025785e-01   1.6138868115759262e+00   1.2498620149864978e+00   1.8622482769351512e-01
  -8.3382875376268165e-02  -2.5414148808359549e+00  -1.1020828110822198e+00  -1.3609501556689876e-01   4.4996505370300471e-01   2.6943822741498807e-01
  -1.6232371766028059e-01   2.2643919546804329e-02  -2.4149778474905449e-02   4.3601757433272201e-02  -4.7186593183289063e-02   5.3589685433355994e-01
   3.2094430659701600e-01   6.7506053128653085e-02  -4.8596967031859672e-02  -6.6712431477941467e-02   4.2897795674281251e-02   6.2153460633140277e-02
   4.8589124401515138e-02  -3.7920458079860925e-01   3.9410412410121047e-02   2.9505525745821193e+00  -3.7698070324623130e+00   3.5428693389560534e-01
  -6.0689008953238997e-02  -1.1925871913596404e-01  -5.7925722240101729e-01   1.7943758085961770e+00  -2.1022220927208126e+00  -1.3751594205808867e-01
  -1.2933975243393364e-01   1.1081273772010543e+00  -1.1519933933957140e+00  -1.4946168822542456e+00   1.4182595442548775e+00   2.1734907924326893e-01
  -9.0903587642529191e-02  -1.1571383342442343e+00   2.7297485812624328e-01  -1.3397555715217843e-01   1.3094288473986775e+00  -2.1826498101542535e-01
  -7.5649255499235749e-02  -2.1456304713474370e-01   1.8880087935412584e-01   3.5941816999325205e-01  -3.2741763465814427e-01   6.9880672492166029e-01
   3.7067472108328453e-01   9.6777746485218882e-04   7.1963645330434863e-03  -5.4913462339848437e-02   7.4577666950538815e-02   4.3838194464169222e-01
  -1.8386533651135939e-01  -1.2023552699321010e+00  -7.9654303991493736e-01  -1.2316254318011428e+00   2.9119785311864930e+00   1.1660894422986208e-01
   1.9490723924237660e-01   2.1728367085943439e+00  -1.9326406351952616e+00  -1.6382677184390386e+00   8.6349802262885056e-01   2.9006426484380354e-01
   2.1782106845713878e-01   2.1103174798728648e-02  -1.3597149594266949e-02   6.3808430789258325e-02  -1.0603394597675232e-01  -5.9645661546436557e-01
  -1.2613816537022049e+00  -2.7314109502370726e-01   2.8038975938508126e-01   4.6926336295633503e-01  -4.6589409442997481e-01   4.7358937817596973e-02
   6.3842776785894326e-02  -7.8553076232459407e-01   1.6456486670604575e-01  -2.1342861444361612e+00   2.3264580643943508e-01   2.8303357184128042e-01
  -1.0264665667640600e-01  -1.1081628632105154e+00   2.4147266719694511e+00   2.2785201598509572e+00   6.5559295118395511e-01  -4.0069061928447558e-01
   1.3331197607775225e-01  -5.4585061360865705e-01  -6.2464133061077465e-01   6.2926776060392242e-01  -5.0082711507377531e-01  -2.1780410151420061e-02
   1.0603472319390293e-01  -2.8277096063683266e-01   7.7945953752046027e-01  -1.2258613479047691e+00   9.5952177554874795e-03   7.7769964032964911e-01
   2.5286720171457683e-03   1.0436975291613253e+00   1.0572935847378073e-01  -1.5108888973867902e+00   8.8079428438367635e-01  -1.7021891562326585e-01
  -3.1040704358922984e-02   2.2388278758140871e-02  -2.0847352947265543e-02  -8.9759179059011499e-02   6.8032854996792097e-02   2.0227656810661658e+00
  -1.0836265991481890e+00   2.4374026686793973e-01  -2.5125031860823260e-01  -3.7957152481588141e-01   3.7954376532435113e-01   1.2809159222615196e-01
   3.1675127428444876e+00
   2.5639082627799028e+00
   3.7119060031333779e+00
   4.4447822324603443e+00
  -2.1488233324444792e+00
  -3.4963384733438145e+00
   4.0284527415908661e-01
  -2.1579694611748099e-01
   1.1684208847712296e-01
  -1.7675902233923004e+00
  -1.0731700775084071e-01
  -5.5718760807149514e-01
   1.5786401577821901e-01
  -9.3336982875518823e-02
  -9.4246133970489948e-02
   9.9345137321416488e-01
   4.4553117637766662e-02
  -2.4757289181767845e+00
  -1.8719469142028622e+00
   1.5181516542333484e+00
   5.5799112420107788e-01
   1.0073973406830192e+00
   3.3871760624475131e+00
   3.4530911350004252e+00
  -2.2326619783353419e+00
  -1.5909834959723654e-01   2.5707570938934521e-01  -8.8974687148310960e-01   6.0097649134728237e-01   3.3627460868167619e-01  -9.6109413485974893e-01  -1.0072068186798313e-02  -1.9765488128820555e-01  -5.5320757774750418e-01   6.5056382748894703e-01   7.7447014499012840e-02   1.3346681689122182e+00   6.2187992711614415e-01  -2.7932927476075231e-01  -5.7049473128748607e-01   2.8050019767647449e-01   3.3117116426304077e-01  -6.3032263185603998e-01   1.2934501658312381e-01   2.4911257672449405e-01  -1.3612580579202699e-01   2.3125427373523524e-01  -3.6646227403865961e-01   2.8510575723361253e-01   1.4130906516607472e-01
  -4.5388468153530021e-01  -1.5799469049253174e-03   2.4366375326527720e-01  -9.1894502909529696e-01   2.1950919988338038e+00  -8.3884334707235761e-02   1.6758852771322500e-02  -1.0142289061158538e+00   1.2188645146177470e+00   5.8912578166790464e-01  -8.5259373201205257e-01   8.7781676185736057e-01   4.4275501403763556e-01  -7.6983833198688612e-01  -1.4575933958571150e+00  -7.3479961607243116e-01  -2.9502489405624704e-01   4.0687205601475218e-01   1.2390453830403116e+00  -4.1982057151228175e-01   6.0064147666011425e-01  -1.2117242028883535e-01   2.5293403075766618e-01   6.5121380130156059e-01  -7.2323940056707492e-01
  -8.8879792033355803e-02   5.5692316100639583e-01   3.9172418640466289e-01  -3.6963740075562873e-01  -5.2454351654982301e-01  -3.0624600844151201e-01  -2.2126693226455196e-01   1.7088184875370251e-02  -1.4949787446197496e-01   1.4104453467244188e-01   4.3901877159269903e-01   6.8983073358230551e-01   8.9491879785176656e-02  -3.3359007757175485e-02   1.1849099850053941e+00  -2.3061195054852615e-01   1.5801457510169145e-01  -2.4547412832880006e-01  -5.3374202410799398e-01   1.1338557231327000e-01  -3.0550930246033553e-01  -4.8828321697812627e-01   3.4682723522395004e-01   1.3841492126886892e-01  -8.3402918240502089e-01
  -3.3139817845929148e-01   3.6894208388307842e-01  -2.5946865460288243e-01  -1.5359567737654365e+00   5.8201662889015104e-01   2.7579475997474506e-01   5.1587090907715138e-01  -9.5603320677727066e-01   8.8670275749336858e-01   6.3974142731314632e-01  -7.1083076227808917e-01   5.5049711736234097e-01   5.6052388043396784e-01  -8.9098059358383641e-01  -8.2702218460238830e-01  -1.5120146326411645e-02   3.6561667993870306e-01  -1.0066965031211899e+00   1.1757654538585407e+00  -5.8751264754503496e-01  -3.0952015538437028e-01  -4.3071649877586388e-01   3.4927733621547208e-01   6.8198026403686463e-01  -3.1062211138231342e-02
  -1.3736773146428918e-01   3.8621871475981029e-01   6.6944303494435120e-01   3.4689679413779473e-01  -7.4053370585930312e-01  -1.5168584961424994e-01  -4.7500758012391270e-01  -9.5904643218243379e-02  -2.6245824650932126e-01  -3.3461267921452525e-01  -4.4756304648483985e-01   2.9321798867241727e-01   1.4948918184291091e-01   2.6825000406599125e-01   2.0208557563941640e-01   1.9800988212990273e-01  -3.0732790069644733e-01   2.8945856771857331e-01   1.1456331355292451e-01  -1.9071011754481018e-01   2.6442452559584717e-01   1.9497581503144618e-03  -6.8915189381753575e-02   1.8406698876432065e-01  -5.3700670470355782e-01
  -1.1627201860549041e-01  -4.8334077742732094e-02  -1.2472109598409615e+00  -1.9811761006426971e-02   2.6512874008473525e-01  -3.4188482413581778e-01   8.8183080544668202e-01   6.3879402643853400e-01  -1.0527151584068516e-01   6.8966689519355606e-01   1.4863012349750707e-01   2.3478760117142061e-01  -2.5798443575163332e-01  -3.4337414182343690e-01  -2.4728035983832450e-01  -3.4773186823152713e-01   1.4435729875274163e-02   3.5275764647791606e-02   4.2667761836622381e-02  -1.6043229827198413e-02   1.6180726067126153e-01   1.1189049125064486e-01   6.2002616989800630e-01  -5.6170706476583121e-01   7.0826454786033199e-01
   3.6899713892741083e-02  -1.1700301513289579e-01  -5.6500782970498409e-01   7.9576309784357632e-03   2.7002078777105299e-02  -2.1809718472125980e-01   1.2401525473167414e+00   3.9107936233931731e-02  -4.9441651359913075e-02   7.9844387498540489e-02   1.3005787207979691e-01   4.8938590161793714e-02  -1.1993691706647450e-02  -7.9528014173451267e-01  -5.2857828301565088e-02  -1.3887681859554576e-01   2.0547120798303506e-01  -5.7213808468279004e-01  -2.0735721315535721e-02   9.7353811859967315e-03   3.4411355033139364e-02   3.9353481642806151e-02  -7.3933108491015387e-01   4.8435030788741873e-01  -1.1212276748845800e+00
  -1.2637288995416578e+00  -5.5670111617726048e-01  -2.5514696997554631e-01   1.4436315939137401e+00  -6.1708198748554675e-02   1.7211714378801690e-01   3.5754338889205511e-01   2.8710524590152953e-01  -5.6117882817686232e-02  -1.0195797377021780e+00   4.3850221710045317e-01  -5.0331656921466639e-01   1.1835315558032829e-01   1.5377188240511264e-01   2.7383643670679020e-01  -2.4583877582454344e-01   2.3242292604074621e-01   1.1369072808983208e-01  -1.2517685570052355e+00  -1.7031280803232848e-01  -5.3520255823336893e-01  -1.4182755083040111e-01   7.9058962013274753e-02  -6.9856712682837896e-01  -1.0489836736447788e+00
  -2.9988206252027066e-01  -1.7704186150000262e-02   4.1889713650173255e-01   8.9672586350056349e-01  -3.1384744275034168e-02   3.2190982098370052e-01   3.2656448024626755e-01   6.8456275251123383e-02   1.2907460200783713e-01   2.8722336912396101e-01  -1.1623045537498260e-01   7.2336813199389816e-01  -4.9524252460585400e-01   1.2934116743806057e-01  -2.9171467292754955e-01   7.0443762758907250e-02  -4.4721466212242378e-01  -1.8938528682205849e-01  -1.4258411604079041e-01  -2.6854053502631588e-02   3.8724987805598209e-02  -2.2358158484746486e-02  -6.0495523184642419e-01   1.4308040162669340e+00  -1.0281453814760086e+00
  -1.0661515478475379e-01  -9.1507156522982205e-02  -9.8328643134606275e-01   2.3029881110211420e-01   1.6446817350714796e-01  -4.2291387733156077e-01  -2.2285571889496367e-01  -8.2084406455659709e-01  -3.5825863847862655e-02   3.3993520906184821e-01   5.5943718064283110e-02   1.1784267212957028e-02   5.8955824465991602e-01   3.0258284026486353e-03  -1.5088626001265615e-01  -4.2993849818162888e-01   7.5269252175628243e-01  -8.4572839871475802e-01  -4.6945814972248194e-02   1.6471330140411168e-02   1.7849579294037865e-01   6.7146286733172508e-02   4.2702939461590161e-01  -2.1578161825354550e-01  -4.0003107928532511e-01
   1.4475489362904237e-01   1.5646115905077806e-02  -1.7668011347210588e-01  -2.7318277829588792e-02  -8.4740763681561363e-03  -4.4606882507640798e-02  -1.8748146492846067e+00  -2.0670700264072625e-02   5.6243644605785313e-02   4.6942361159714875e-02   6.4766162302524882e-02   3.7799801836868673e-02   1.9154923719877570e-01  -5.5296674214300678e-01  -2.5319586539996421e-02  -3.9666146010862033e-02  -5.5052930600780325e-01   7.9739107736542492e-01   1.9421785486822725e-02   4.1053483018618038e-03  -9.8712513717439288e-04  -2.0441722150239709e-02   7.7200814934211459e-01   6.5318134388962890e-02   1.7918108506055119e+00
   5.8759381795297522e-02   1.0114877166959133e+00  -3.3790626970212928e-01   1.9536462917373076e+00  -1.9410585678244918e-01  -8.7822511592077901e-01  -4.8530262879917174e-01  -4.0864007789139556e-01   1.1491994516627930e+00  -4.4492661824724400e-01   1.7125506451914587e+00   1.1586642297908891e+00  -1.1033349798811559e-01   8.2463030906269819e-01  -5.3385774011901466e-01  -4.5782990259694289e-01   1.2073275951091593e-01   4.7078162296816339e-01   5.5854730604459657e-01   4.4673236081588125e-01  -5.0024827140179351e-01   1.6069738120378763e-01   2.2484765430771150e-01   3.2599641167951238e-01  -6.4371162457858344e-01
   4.9205944617429981e-01  -4.2749412819475685e-01  -1.1656035356565304e+00   8.5327310159972136e-02  -2.0591162877485877e-01  -8.4167142356245325e-03  -4.4162829333313935e-01  -1.7400795097795047e-01  -2.5319839791418195e-02  -2.5355350456964454e-01   2.3473038842762806e-01  -5.8051439210215994e-01  -2.0205008864431717e-01   1.0407135741048597e-01   1.1866493174960319e-01  -4.5905117952229496e-01  -1.9444831707230997e-01  -2.0834621557979208e-01  -5.7907219874378857e-01  -1.0604524066349735e-01   1.0415071883758412e-01  -4.9249727683544194e-02  -5.8213159432018646e-01   1.5694466868088892e+00  -1.7617231107751732e-01
   8.7198861077504408e-01   9.2244344205322359e-01  -1.8317701756650534e-01  -1.5380265982957861e-01   4.5815659779207085e-01  -5.8819684076408218e-01  -1.3361583657985765e-01  -8.2508415769884946e-01  -6.0542381380228882e-01  -6.3047635409101377e-01  -4.1521974400056777e-01   4.2773227283262732e-01  -1.1059042381462746e-01  -1.5143098542139473e-02  -1.9022916636081949e-01   3.4519902709912120e-01  -1.7177694627378404e-01  -1.2580695162883377e+00   5.6911448341089277e-01   7.1476444303918540e-01   1.8236223823357864e-01   1.6022371753223186e-01   6.5985747660516292e-01   3.3403867378365759e-02   5.6917620292481452e-01
  -6.8234276533479787e-01  -1.2613621912539750e+00  -4.7752036764107259e-01  -9.9816359394440746e-01   1.8891599688315883e-01  -2.0117974190536650e-01  -1.5154473270688193e-01   4.2822256333285774e-01  -2.0672192070618861e-01  -1.9268504171306773e-02  -4.6992608124645380e-01  -1.8785241355933097e-01   3.5667362108889467e-01   7.1803706565833059e-01   2.5934404955677109e-01  -2.2602539545341063e-01   2.6433408449624135e-01  -7.4206118252766040e-01  -2.7182892832275424e-01   1.3493039272884158e-01  -8.8070666243968573e-02   8.2031684422178355e-02  -6.4033382356693591e-01   5.8925600312387350e-01  -5.3841510679869853e-01
   3.6444001229387069e-01  -1.4917398321813194e-01   5.5813626306503983e-01  -1.3802368505240648e+00  -6.9882669702110600e-02  -1.3445320697609728e-01  -6.1867967087416720e-01  -2.6608373828961324e-01  -1.3776348582338832e-01  -5.0080235041503007e-01  -2.6050165166356570e-01  -1.7829809351711701e-01   6.2011620762819697e-01   3.3657166397873406e-01   2.1125330903513206e-01   5.4804801145841708e-01   1.2428174673318577e-01  -2.0358805166869453e-02  -1.5378668090233385e-02   2.5645164564810975e-03  -1.4986750236865495e-01   1.7608078057653919e-02  -8.2507281877987129e-03  -2.2028458183711885e-01   3.4664244269389960e-01
   3.0403059501149821e-01   9.5437362549445370e-01  -4.4240050710785933e-01   3.2154478445242302e-01  -4.9199457365643760e-02   5.5617100250598772e-01  -5.5794337239841385e-01   6.3078930586597123e-02   1.7524684653867517e-01   1.2277656249667241e+00   2.1483481185936737e-01   6.6445277607988296e-01   3.1490164042089569e-01  -1.9428056083669443e-01  -2.3567537199755256e-01   3.0987750270881115e-01   3.4073541707108468e-02   2.0572082771535138e-01   4.5369066726062268e-01   1.9808125299553947e-02  -1.9377554409607434e-01   3.9826801064645978e-02   5.8270378316838223e-01   7.1752438213208691e-01  -3.8910215789518449e-02
  -1.4369499011931863e-01   2.3266754624368360e-01   9.6678412477645315e-01  -6.3462276931138795e-01   1.8785607536602228e-01   2.7168683438515560e-02   5.2277360951134944e-01  -5.7298389558981222e-01  -1.7445546490930222e-01  -2.0318782859914486e-01  -2.0129038759971363e-01   2.3401118074463545e-01  -1.8398573127081691e-01  -1.3467773768937949e-01  -1.4569499761907547e-02   1.4691622076750505e-01   3.1053851183646813e-01  -6.8990007295017886e-01   1.1992671748438007e-01   6.4946568117488349e-02  -1.3010354772847437e-02   1.7147381895312805e-01  -5.8513119461298302e-01   6.1742980176050277e-01  -3.7572769107806131e-02
   2.4330990692989676e-01   1.5360571309037219e-02  -1.3848977200224528e+00   1.1942450248102996e+00  -2.1969049365260340e-01  -9.3102683822522403e-02  -1.6219835989774518e-02   8.6472504790184435e-01   1.6058491815273693e-01   1.4519810018401578e+00   4.7805280031102154e-01  -1.7899236458503362e-01   4.3958850036466512e-01  -3.7334655304081010e-01   2.6171586115761173e-04  -7.7190438570963815e-01   1.5322203937354956e-01   5.6693007016728070e-01  -3.6345614793108066e-01  -2.2294455993169360e-02   8.7106689541771049e-03  -8.1282482239743489e-03   1.0499763872311749e+00  -1.6087221869614234e-02  -4.9632085151108757e-01
  -3.7635949693928339e-01  -4.2579026585382018e-01   6.5631645976963238e-01  -3.8426968704519465e-01  -9.6833386603544444e-02  -2.2199698957308237e-01   1.2096614179233502e-01  -6.6009585049367187e-02   6.6755032668040740e-02  -3.2423096464032297e-02  -1.8420242919523416e-01  -7.8474719496825018e-01  -1.3483141637704835e-01  -1.3375691027020073e-01   4.3069491431419515e-01   1.2627265131796656e-01   1.0984428768270710e-01  -6.8944486368789615e-01  -7.3811884744060113e-02  -1.0176230392294920e-01  -1.1674772785890569e-01  -1.1276692630347736e-01  -8.8519628750867371e-02   1.8708724952462347e-01   6.3562425063136252e-01
   7.7122977881687904e-01  -1.8167065531899046e-01  -7.3434641645172827e-01  -5.6690179837007226e-01  -2.8861234175608284e-02   2.3701213326950313e-01   9.0254711162032408e-01  -2.0611127115147468e-01  -1.1490163060679948e-02  -1.1940426415883842e-01  -7.4740324467902353e-01  -1.5920928073216820e-03  -3.4669233247924452e-01  -3.5464874950954489e-01  -2.1388386796168116e-02   7.7936831826893954e-02   2.2096560795091014e-01   2.5945848648050884e-01  -3.3583214577518528e-01  -1.7467594811890111e-01   7.0314225858753188e-02   1.2297488634189863e-01  -2.0232217516884290e-01  -4.8149260247344582e-02   2.7474787631766728e-01
  -2.7437125284327881e+00   1.8018150456156572e+00  -7.0604696384297683e-01   7.7514296113694070e-01   8.4300116050447271e-01   1.8703241625167688e-01   5.0862362760684043e-01  -1.0256491169946515e-01  -2.1464934418452799e+00   7.9355915989007408e-01   1.4455243988269308e+00   2.4210811101747218e+00  -8.6008410926284717e-01   3.7775169234722683e-02   5.0008228729512889e-02   1.3666739778023567e+00  -1.5291549041153869e+00   3.2146201801656399e-01  -6.3707993971498189e-01  -1.2687690208946452e+00   6.2452810414745513e-02   7.2096474864526666e-02  -2.8530506053793520e-01  -1.2018579798242426e+00  -5.4055454721696272e-01
   7.8323090668557449e-01   1.1411526729147532e+00  -5.0907622576914413e-01  -1.9704389295136715e-01   3.9971364763471282e-02  -4.7972142406098084e-01   4.3657130792766996e-01  -3.1728638585331931e-01  -2.6214197933029443e-01  -1.2059526815003427e-01   1.6035027822097381e-01  -2.8920952375165856e-02   7.5223991716659777e-02  -4.0560444618115538e-01   3.5608168714463606e-01  -1.1205031876131326e-01   3.3695218678384287e-01   5.5335625407392097e-01  -1.0371780338212357e-01  -2.1004401196254377e-01   2.2236887208292550e-02   4.1460268854511378e-01  -1.7565601325100361e-01  -5.7641428009402251e-01  -3.6724910554908291e-01
  -7.6918850301118458e-01   1.2330043300833403e-01   4.3361501302224115e-01   1.3175453227617897e+00  -9.9394244696312167e-02   2.4868941667066197e-01  -1.9640934395706236e-01  -1.2670876753563942e-01   1.1352524804887942e-01  -1.4734261544838170e-02   3.6093988930182003e-01   6.4337501175364453e-01  -1.5313019794045408e-02  -6.1442085762225818e-02  -2.3938964105792832e-01   2.8384920912940581e-01   2.4271993602715567e-02   9.5343630159588133e-01  -1.2436531655362178e-01  -4.2194428774560588e-02   1.8990683138444431e-02   7.6667770412028269e-02   8.6708515444985645e-01  -1.3952779940729636e+00  -2.7695157275338311e-01
  -4.6559867976005254e-01  -4.1694808790928101e-01  -6.1851561229186958e-01  -2.7540746604767208e-01   1.0572544346304993e-01  -2.4367966278076500e-01  -1.1202220315398734e-01  -5.4916319662546616e-03  -5.1590770998653501e-01   2.5539441193358869e-01   4.4023756463346952e-01  -4.9267199135076900e-01  -5.6097196460893353e-02   2.2401535098082334e-01   3.7924595458033790e-02   2.3280423814879811e-01   7.6788372777111341e-02   1.2983732586052096e-01   3.0049784464619915e-02   5.7349957003156604e-01  -2.5659925567020508e-01  -1.3737375409414604e-01  -5.4129052566571845e-01  -2.7817031559456312e-01   1.4577138804773970e-01
   1.2075334031435321e+00
  -8.0073467323523762e-01
   1.6252635831233497e+00
  -1.3842936674090227e+00
   1.3991440863261635e+00
   2.1120216737205766e+00
  -1.7965876851311500e+00
   7.2786817116813163e-01
  -1.4858040617093213e+00
  -2.8800112409682793e-01
   9.8295275130638682e-01
  -3.3340433016822923e-01
  -1.0383052086544444e+00
   5.6091753169967984e-01
  -6.0155911066199363e-01
   1.1692754551056770e+00
   6.8912273011514980e-02
  -2.1194689151007107e+00
   1.8121192763749785e-01
  -8.7507449642604163e-01
   8.7538706372850372e-01
  -9.9862330761951312e-01
   1.1430363223657205e+00
  -8.1955322768527938e-01
  -1.6111277904863606e+00
  -4.2500673669738986e-01   2.5734641286577693e+00   1.8792875759188727e+00  -1.0342709357793014e+00   1.3119252499086209e+00   2.5165340763411921e+00  -2.3050714621574033e+00   1.4860361819397352e+00  -2.4220294640821836e+00  -2.1227356481599262e+00   4.1484688532057019e+00  -2.0537026172517754e+00  -2.6960792815766150e+00   2.1959236404830551e+00  -1.2070461026585133e+00   2.5119184924728506e+00  -1.9120957692568690e+00  -2.1219131418961434e+00   1.7407386236923494e+00  -1.7880918031121491e+00   7.9422087664704155e-01   1.8509507823107321e+00  -1.4968794474250362e+00   2.0601822206511606e+00  -2.0195177256919679e+00
   6.9161508861520560e-01
   1.4018180000000000e+00   2.7562000000000002e+00
   3.4006768717649001e+00   1.4016800000000000e+01
   3.4103193967600798e+00   1.4016800000000000e+01
   1.7068546899242301e+00   1.4485304292747827e+01
   1.9621771556066101e+00   1.5557951949557388e+01
   9.3610197001093998e-01   2.6622999999999899e+00
  -2.7681816447979107e-02   3.4751154786030001e+00
  tansig   tansig
  6-25-25-1

Nov13_oh3_f12a_asy22, rmse02_r=1.1166 meV
