  -1.1912093007308913e+00   8.7465530349715048e-01   2.6503479008136686e+00  -7.0030137923764602e-01   4.9984537739731702e-02  -7.6008382819500717e-02
  -2.8363301007093011e-01   6.9390837849635256e-01   6.6852957736237451e-01  -1.3387477267584860e+00   1.0883046744436633e+00  -2.3694992742989684e-01
  -4.9749436551038173e-01   6.1309383503036874e-01  -8.9982050549279921e-02  -2.0547674123323473e-01  -2.2690890217750717e-01  -4.0618604759281324e-03
  -1.0857749867576896e-02   7.6726678367225298e-01   1.5473556721071013e+00  -2.3891675065314995e+00  -6.7358238962941952e-01  -1.1779311919723912e+00
   4.5627700061786036e-01   5.9915490795415915e-01  -3.0438171308468069e+00  -3.9026499252671837e-01  -2.2270762839854945e+00   7.7288792477902046e-01
  -1.0041477181416887e+00   2.4664033171460684e-01   7.6230925001547944e-01   3.2326483921933891e-01   9.3549401222525308e-01   9.1363975312035370e-02
   6.4630588170925055e-02  -2.1485869446391899e+00   8.4779060014289642e-02   3.3457889554116403e-02   2.3313944063884717e-02   2.3096264562668362e-02
  -1.8755772075220911e-01   6.5680174955923898e-01   1.9299225437042644e-01   9.2029215248305762e-01   2.7921713834810813e-01   6.8941825768402534e-02
   1.9531624366233999e-01   5.2194392494920627e-01   2.3314956806390081e+00  -1.9111052605142218e+00   1.1647794352872655e-01  -1.1853883571071613e+00
   3.3837145157805587e-01   4.7495507919925789e-01  -2.1334310497123976e+00  -5.0622979239092680e-01   1.5593673876229894e+00   2.6396050117835351e-01
   6.2059411559998515e-02  -1.2100191866064974e-01  -5.0952589053236552e-01  -2.3615130552265418e-01   2.5004019115600369e+00   3.2498022918535863e-01
   2.7182156598032098e-01   3.3312855548003496e-03  -4.3648105317359803e-01  -4.6899326883265724e-01   1.3964847072541019e-02  -1.7256176507788756e+00
  -7.0742554853710685e-02  -3.8728225486880743e-03  -5.4968756150386822e-01  -3.5368101676563896e-01   3.0163879213259925e-02   1.3888118316447806e-01
   2.3060753288552477e-01   5.7913889015361784e-02  -6.2447048041993369e-01   5.0092605706504523e-01  -9.7699015726747063e-01  -1.5202385979021744e+00
  -1.3684822387201914e-01  -1.3810472427616396e-01  -1.4354529864072496e+00  -1.8049802955152360e-02   1.0819873480583868e-01   7.5691558369583589e-01
   1.3170657446703388e-01   1.2516504533042889e+00  -6.8871340020055827e-01  -8.1858715693516691e-03  -2.2041916642405351e-01  -1.8035864071374792e+00
  -1.0749193734352139e-01   2.2036792343849484e-01   1.7092135778258241e-01  -2.3374578705257856e-01  -1.0263813004621596e+00   1.5270414571911306e-01
   4.5841202989833768e-01  -3.7386863230888662e-02   3.5154484905391303e-01  -7.5594500078456095e-01   2.0073566628796191e-01  -2.4666264305325469e-01
   6.8756933965176792e-02   4.8762875696780805e-01  -4.6170883102885013e-01   5.4765853806004759e-02   1.4737083869356415e-02  -3.7990148483752102e-02
  -7.8142845740159658e-02  -2.5352273394665392e-01   2.5369553860881505e-01   3.9048415316827040e-02   1.9036454574377995e-01  -7.8078135949221261e-01
   9.0096491796300582e-02   8.1743562665043856e-01  -3.2729625760406358e+00  -1.6803945976199997e-01  -5.8527541477658818e-01   8.4035372430708588e-01
  -1.3284666387736865e-01  -3.1913283012183902e-01   1.1460165605142003e-01  -1.7372028904304432e-01   9.4736906652915009e-01   6.4525411466912619e-01
   1.8764816474018020e-01  -2.9224198617028713e-01   7.3742260014092079e-02  -1.9714496598256889e-01   1.9368100118468384e-01  -5.5427745924761240e-01
   2.5653043674914039e-01   7.3122253499298728e-01   4.4280755271610982e-02  -9.4765848376135842e-01  -3.2177443325038135e-01  -1.1197703699847625e-01
  -5.3348170542441856e-02   2.6150719017252760e-01  -1.0680550761237269e+00  -9.9527988790101690e-02   5.6873816238960428e-02   1.5106622380157171e+00
   2.9181735098755918e-01   9.6594567706128243e-01  -6.3077916294283032e-01  -1.2813672964262364e-02  -4.1070572296073438e-01  -1.3649178899333465e+00
  -3.6483217417064490e-01  -1.9136125672186849e-01  -4.0701211943745813e-01  -3.5843077917606263e-02   1.7200900117778293e+00   7.4037384244660620e-01
  -9.7929553756503848e-02   5.0933458373472507e-01   1.1966622269903993e+00   6.6817714174058862e-01   3.8062003571779435e-01  -1.6214884474699578e+00
  -2.2573145410603543e-01   3.0974032719744565e-01   2.5003621267409620e-01   6.8637888772475486e-01  -7.0620791711863376e-02  -2.6998470668942415e-01
  -2.5545904650588699e-02  -1.4172488983852334e+00   9.4343399291880758e-01   4.8422473215531797e-01  -2.0197651285935508e-01   1.6360173224125913e+00
   1.3398377295894865e-02  -1.2966548974709886e+00   4.5395008654119717e-01   9.4770363868278418e-02   2.5057303096432404e-01   1.5487325728062211e+00
  -1.8032385022299782e-02  -3.0239878317787539e-01  -2.2231603970188382e-01  -3.0455853770476715e-01   2.6010189623772700e-01   3.0980154496432233e+00
  -1.0251465104498529e-01   1.4896943931515810e-01   1.3346226040106575e+00   3.0701638265738834e-01   3.9842688672317139e-01  -6.8893719875366821e-01
  -3.9471414264530325e-01   3.8263070339718604e-02  -2.7514109770927864e-01   1.1666654166825652e+00  -1.0854353471807761e+00  -5.8270688014997940e-01
   1.0550363410543064e-01  -1.7773921842507673e-01  -2.7748210591692268e-01  -3.2716448448884777e-01  -5.7187646092375991e-02   2.5873623435175404e+00
   8.4439575437173561e-03   2.5580567717685770e-02  -4.1647716492679654e-01  -1.7027349030388939e+00   1.5866033782104663e-01   1.2190846148654168e-01
   6.2967944686226532e-02   1.4007430888295905e-01   7.0984494596363534e-01  -9.2698185559404650e-02   5.6977308146379235e-01   4.2523956068905838e-01
  -8.6918235106538747e-02  -1.0113589721176630e+00  -1.9299105166448061e-01  -1.6254948193922511e-01  -1.5409115510995278e-01   8.1469779603265999e-02
  -1.1099790142911026e+00   1.3363345637155077e-01   6.0995730938718509e-03  -1.0007185176939778e-01  -5.0193247722501784e-02  -3.4901314075725345e-02
   2.7490737457027475e-01   6.5714453207388723e-01   1.7484835164751706e+00  -1.4029416038511305e-01  -8.0743812417397176e-01  -3.9813138470538995e-01
  -1.8956586861751212e-01   2.1787913652112786e-01   3.7748751244944762e-01   3.6378450371303950e-01  -8.4831725803670974e-02   6.9339766111098189e-01
  -3.9025967442185822e-01  -8.1572071645793198e-01  -4.0654979572243688e-01   1.9572713544696214e+00  -3.8662677948768243e-01  -4.4403847291771659e-01
   3.4828652751012279e-01  -3.5685238872027930e-01  -6.9194669372998330e-01   8.2217865952825020e-01  -6.0584031064729576e-03   2.3084710198092634e-01
  -1.4315306635777719e-01   1.7074219152790118e-01   2.6080865648381069e-01   2.3758132718894778e-01   1.8603344870952134e+00  -6.3048973392782659e-01
  -2.7679990403915422e-01   1.6537442621600756e-01  -2.5517576153169341e+00   1.4639914477952132e-01   1.5343344897969726e+00  -7.8780658620329444e-02
   1.0428721542449763e-01  -4.3357188511891340e-02  -4.2665804595734835e-01   8.6814472053278295e-03  -3.0098102708672403e-01   2.9262544654501736e+00
  -3.1321115694247659e-01  -1.1529652006819908e+00  -5.3592854185953376e-01   1.3105486688298535e+00  -3.9036732984473971e-01   5.7232639685097553e-01
   2.9077251937893744e-01   5.9105560413866143e-01  -8.0117689337920384e-01  -6.0654517280881992e-01  -1.9212216934060228e-01   3.2229578915152146e-01
  -1.6384611271992741e-01  -3.4692915605056041e-01   4.1798516371244938e+00   9.4851024115381308e-02  -9.0613602075439281e-02  -7.9444812190807423e-01
   1.7312600711275816e+00   2.7917808177793630e+00   1.5453968225085921e-01  -5.7988752139917699e+00  -3.5976668992767008e-01  -4.1236027672373349e-01
   3.8070436775369982e+00
   2.6034213560564754e+00
   2.8010170143773219e+00
   2.7873180612922321e+00
  -2.9331437551954389e+00
   2.1882545938014908e+00
  -3.3642293482203671e+00
   2.1981451018127047e+00
   2.0301109667051311e+00
  -1.9555600208649886e+00
   2.7739872938531529e+00
  -2.2952638802567362e+00
   6.0375351672449507e-01
  -1.9602241030630219e+00
   2.8028241141993721e-01
  -4.6374716190982562e-01
   1.2616212968243297e+00
  -9.4579185515098119e-01
   3.0357001648955650e-01
   3.1990264456684181e-01
  -2.1219361809671446e+00
   7.5133840175000988e-01
   6.0953509960893056e-02
   8.1632468212024178e-01
  -1.2918347685381604e-01
  -3.6021031231729245e-01
   7.4912890309765146e-01
  -9.4775008911384184e-01
  -5.2000447256402106e-02
   7.4266236759771942e-01
   1.0632527535827028e+00
   2.1880289316748134e+00
   3.2281456319783652e-01
  -1.6428728577844534e+00
   2.9396171973975780e+00
  -2.1948055985992876e+00
   1.2719723127878937e+00
  -1.5235967664930115e+00
  -2.5053673239342631e+00
   1.5739444132728744e+00
  -8.5067797013279012e-01
  -2.0689379595906296e+00
   1.8286816730043216e+00
   2.1188763226525196e+00
  -1.9013322391596725e+00
   3.2362757486577163e+00
  -1.9670514051387504e+00
   1.5581197629415067e+00
   2.8450442158240876e+00
   3.3544109020691923e+00
  -3.0842983889064196e-01  -7.0958338540905819e-01  -2.1892687164463898e-01  -4.2375040065262815e-01   4.4546806245862575e-01  -3.1060518402427745e-01   1.9016815265371273e-02   4.6988511002580384e-03   4.2903605360410524e-01  -4.1061247238047599e-01   7.5207707117704414e-01   6.9290893223672503e-02   3.5617544581306769e-03   6.3513266816927733e-02   6.6125834492331037e-01   1.1733586616350346e-01  -5.5499147008597538e-01   1.7725314799317207e-01   2.8058583289872141e-01   2.1995486902771852e-01  -4.4579215126444427e-01  -1.8487206224243169e-01   2.3866279608882843e-01  -3.9119484811161059e-01  -3.0640032117368132e-01  -1.4683376284518668e-01   7.8328798964813658e-03  -2.7006879249028004e-03  -6.8338589689760365e-02  -6.8699467996470298e-01   3.2045212819565244e-01  -2.0410479066801088e-01   8.3415736869572543e-02   1.9134118559044050e-01   9.3665520927921553e-01  -2.0970792266584073e-01   1.6894453946279000e+00   9.8333256940183550e-02   2.4308095930956750e-01  -9.3871559780926228e-01   3.9038710863098031e-01  -2.1009145739587928e-01  -5.1736749146278405e-01   3.6656447897762845e-01   6.4964690042658491e-01   2.7556722252057597e-01   3.2725220557106932e-01  -6.3718919207515767e-01   2.6707967568410640e-01  -4.4650328191473215e-01
   2.5542063025482642e-01   7.7149240124160717e-02   1.0590014303933237e+00   1.3720778555667474e+00  -9.5713177816196127e-01  -6.1609099622322427e-01  -2.7590784430647068e+00  -5.0948342696737603e-01   5.8899250741226095e-01   6.5862979421244350e-01  -5.1787957001081109e-01  -4.7364233138575483e-02  -1.5873193834961496e+00  -6.6488802297284966e-01  -6.1938873855314702e-01  -1.2256380249575689e+00   3.9590501177401732e-01   7.4471562020389559e-01   5.3846852939495948e-01   5.6011629134339036e-01   1.1649237392151350e+00  -2.3250523598327452e-01  -5.4400708022800159e-01  -6.1401166779501060e-01   4.5687379205580203e-01   7.7735706811784178e-01   1.0835824431593356e-01  -2.1257733374486984e-01   1.3917104077626999e-01   2.3337318021991327e-01  -6.8258192836967313e-01  -3.8588067461543085e-01  -6.7040396394019475e-01   2.0956560213588732e-01  -1.6204601972439108e+00   4.7833901419568103e-01  -8.1452064296175586e-01   7.4042837658541449e-01   1.2044774063407471e+00   4.5810181379348086e-01  -1.9588477530181753e-01  -7.5181130291202503e-01  -3.6527056375907374e-01   7.0101270600560806e-01   2.9645992541673277e-01  -4.9150603056147907e-01   7.9898684893318764e-02   6.2174914863912312e-01  -2.0379269731345237e-01  -2.4539906866589672e-01
   3.8104558047154402e-01  -1.0219841677581523e+00  -3.8466921315834923e-01   3.4887965680860356e-01  -1.9828407113444274e-01  -1.7712152561971367e-01   1.3366735685763835e+00  -1.7420538684236422e+00  -4.6466507714431310e-01   3.6445054289170314e-01   4.8199540583549583e-01  -3.2170450274366152e-01   5.2600233000278114e-02  -2.9361237583861394e-01   3.0970492287139789e-01   2.3381128385501551e-01   4.8044655282244242e-01  -2.0199140400064092e-01  -4.1942660081867239e-01  -3.3484464670448255e-01  -2.5011040036640486e-01   5.1185283389717862e-01   7.6718860588687465e-01  -4.8599887133553538e-01  -3.2835288815189823e-01  -1.4868855252345017e-01  -3.4145001661764918e-01  -8.2236909715335225e-03   3.7108741101165799e-01  -1.7647764637472688e-01   1.5372968472333995e-01  -8.8470656599217282e-02  -3.0247348780070904e-01   1.5929787946747243e-01  -2.7264888212270139e-01  -5.2236423360208528e-01   3.1185339877768464e-01  -1.4113434298134944e+00   3.3209399924475891e-01  -1.6464719091863894e-02   5.7751778958225097e-01  -1.2716409458816531e+00   1.4399918044575713e-01  -6.5747236571607193e-02   8.2403111672297402e-01   3.8505483719194246e-02   6.5025298428315659e-01   2.3317342869823088e-01   4.9309553017564713e-02   8.7334069684474352e-02
   3.1781197175107262e-01   5.3652626809477733e-01  -7.2944324134180116e-01   1.5819628749309231e-02  -1.1422787285902332e-01  -1.4838704337838274e-01   8.7940304031267769e-01   1.5351849037178522e-01   8.6379339329830454e-02  -1.5236080732294037e+00   2.4076669733675440e-01  -6.4070386323848272e-01   3.6489750363275614e-01   2.1392111825948751e-01   6.6762388506604042e-01  -6.3256176316982671e-01   2.7968293304638908e-01   4.9012078001636532e-02  -7.2998730334440720e-01  -7.5277743357171234e-01   9.8074633475903408e-02  -2.3253156128655331e-01   1.0463614661537202e+00   5.4608860066824394e-01  -7.1644470650792036e-01   1.4372825503477538e-01   2.3398046749260407e-01   1.2480469067631152e-01  -1.5468437906311305e-01  -6.5355276683539876e-01   5.4446423692081092e-01   3.6743974600525997e-01  -5.4349542971558473e-01  -1.2381056499883353e-01  -1.1531959059175292e+00  -4.3043120304000471e-01   6.3753880450286737e-01   6.2574808524348313e-01  -9.6846244630729494e-01   3.3025392153609145e-01   1.4237191241673950e+00  -1.8234009278278093e-01   9.8619965775182075e-02   3.2534669519809994e-01   2.4368376472189035e-01   3.4253263302331577e-01   6.9776890237065992e-01  -4.8899872978292563e-01   4.7126817760342748e-02   1.7242996585453116e-01
   3.9018868946037605e-01   1.4398591229459132e-01   1.4847912772649816e-01  -3.4435508365187201e-01   6.9540099338126005e-01  -1.1418338014676777e+00   6.4372621373964112e-01   1.2190404947204432e-01   1.4064773042985335e-01  -2.8806104704727392e-01  -1.1222360382461494e+00  -4.2484188105004267e-01   2.8613568086930130e-01  -2.1643549311642976e+00  -1.8229326407180768e+00  -6.5656563154463110e-01   7.3949193559173576e-01   9.4346561086365011e-01  -1.1959136414621353e-01  -6.9258352781442334e-01   1.2062618680769077e+00   7.0954139972501873e-01  -5.2378213217801750e-01  -1.3783958500020121e-01   7.7270145344302488e-01   1.3895650814407826e-01   5.5705512899492582e-01  -1.1549809333359978e-01  -6.7048602126022216e-01  -1.0373635429020482e+00  -1.4322702596834822e+00   8.2556478041908610e-01  -3.7344246092164274e-02  -5.5656743009025145e-01   4.8906309280717086e-01  -1.4949507637859114e+00   4.4834752331416328e-01  -1.4818983938696340e-01   6.6668937583244148e-01  -4.6800897573308081e-01   1.1276750593119834e-01  -1.3200464676803988e-01   2.5141617250280113e-01  -6.7041583596542542e-01   3.2482130615036769e-01   8.6550145287978220e-02  -2.3877135121703671e-01  -2.8427384073674115e-02   3.4691076546101501e-01   5.9253673903619172e-02
  -6.6741385329424008e-01   1.4951346061678408e-01   5.5075734155683864e-01   1.0873075003578287e+00   6.7566337579644564e-01   5.6413451288853289e-01   7.0594387788750002e-01  -5.8819192041998991e-01   8.9891448486494677e-02  -4.4522003018698852e-01  -6.0824811313722338e-01  -7.0375757280957996e-01   8.6350571168505486e-01   5.2476168425529135e-01  -8.4054331242443558e-01  -2.5674837136950840e-01   1.0743433394166051e-02   8.8062637491814799e-01   3.4520483724197720e-01  -2.1556548177555106e+00  -1.3225343891013039e-01  -1.1557280615642338e+00   1.1725689418583769e-01  -8.0062852203207535e-01  -8.2551269503824987e-01  -1.4010860570372263e-01   2.8595883551530599e-01  -3.5875903530094161e-01   9.3303400958762028e-01  -1.2475603550679829e-01   4.9426131125189572e-02  -2.6145996637950353e-01  -6.9663161047115540e-01  -3.1384720836699870e-01   5.2710563136062916e-01   8.9291601622153594e-01   3.8019214499498150e-01  -9.7874806497637495e-02  -7.8279459591919320e-01  -1.4439412269949907e+00  -6.6163439832908355e-01   4.7497540572247737e-01   4.2943250426509844e-02  -5.9290463815826311e-01  -1.4545406607026026e+00  -4.9309962015604858e-01  -1.0754843177130715e+00  -2.5954109622461263e-01  -8.0076670414229401e-01  -6.8964321055667677e-01
  -5.4542650627830824e-01  -6.7050523498309811e-02  -2.3828379504350178e-01  -5.5057809997874996e-01   1.9072379801876393e+00   1.5945386310431635e+00  -1.3741772899850186e+00  -1.4867740360578989e+00  -1.6893197532417359e-01  -2.1301465615293594e-01  -3.8525619969206532e-01  -6.1841348798220619e-02  -4.4557715109043505e-01   1.1606968913467710e+00  -3.4659074993736003e+00   3.9822074545132230e-01  -7.0865437644452289e-01  -2.9800887609354776e-01  -5.6318811353448961e-01  -1.8847534373919417e+00  -2.8321411935914176e-01   8.3500640425510475e-02  -1.0535611195842560e+00  -4.2066850119040287e-02   5.2651447293071940e-01   3.0726925420296430e-01  -1.0990717878367033e+00  -1.5840296499499953e+00  -8.7775847361359560e-01   2.9730730927196189e+00  -2.1113039874716635e+00   9.0791529819685440e-02  -1.0269444470647893e+00   1.0036680030494411e+00   2.0013912470176414e+00   2.2687351125241612e-01   1.7576634219831277e-01  -2.6568326312575613e-01  -7.5636898629049942e-01  -5.4276941272856438e-01  -1.1354498015829537e+00   6.7956171726366188e-01  -6.9044295945979162e-01   2.9147125492680054e-01  -1.7063452198913669e+00  -5.9971539734131918e-01  -6.6890519348164687e-02  -4.8941104784583167e-01   1.3869734303190029e+00   3.4425525503457162e+00
   7.6886800788056962e-03  -6.6404262358313793e-01  -2.7063700592027799e-03  -5.4000207795837940e-01   1.7676608227634505e-01   8.1212557262630478e-02   5.1039677642242753e-01   1.1812734774350415e+00   1.5887662855558662e-01  -6.5767943894500649e-02  -3.1642642588962933e-01  -4.9880677297962933e-01  -6.0841816119751535e-01   3.9529391981870179e-02   1.7881955170765622e-02   2.9347386858960667e-01  -3.8790853950982293e-02   5.1556583415501178e-01  -7.4461612186895076e-01  -3.7094005138680897e-01  -2.8451626171269717e-01   6.6773099054770935e-01  -1.2797621367539860e+00   2.6771579582897337e-01  -9.4738795011335519e-01  -9.1805178949218066e-02   5.6251155968952367e-02   1.9179636135483846e-01   4.4699060601614921e-01   3.1458386445451458e-01  -3.0176256879289820e-01  -8.6608233427349823e-01  -5.1706819610231103e-01  -2.7357034156363785e-01   1.4266222038329917e+00   3.5097387086096143e-01   7.5982799323099137e-01   1.5826954801840279e-01  -1.9508696891596963e-01   5.3375069183906765e-01   1.4226096184386410e+00   3.1403048113222670e-01   3.0532824267978470e-01   3.1824515852452695e-01   2.5389556297847629e-02   1.8678677678837079e+00   2.3929599807582469e-01   2.9047623388170951e-01  -4.0290508444974088e-01   1.5916585065805799e-02
   7.4334483203281387e-01   4.0852869997032165e-01  -4.8750645697558707e-02  -7.5821433257418069e-01  -3.7466539291548501e-01   4.4269517323657886e-01   4.2788075922073776e-01   7.3312303127213652e-01  -2.5336796777757387e-01   7.1065609671924523e-01  -1.9149034820304320e-01   3.8762086970405660e-02  -7.0364348699848500e-01  -1.3147448631710914e+00  -3.9729762658374040e-01  -1.3756187663864032e+00   6.2056085416507728e-02   1.4154624842094332e-01   7.0101084978558970e-01   2.5779746901736228e-01   1.5105807388057499e+00  -1.4744412416484807e+00   6.2999876020216145e-02  -5.1301962750258823e-01   1.1609974182788418e+00   5.4095201505130630e-01   3.8716786772110395e-01   1.9599364860981863e-01  -1.6652619165720506e-01   3.6593074893109140e-01  -1.2074887287593870e+00  -9.8441886336999840e-01  -5.7882116626905789e-01  -1.0626548709449106e+00   6.6033115767641337e-01   4.0066988099718814e-01  -1.6540764686724658e+00  -3.2735442322096631e-01  -8.2678981698951853e-02   1.1200802934507279e+00  -1.0418326162353271e+00   7.2203361482404116e-01  -8.1614816215117481e-01   1.2425022843498412e+00  -3.6655222189292258e-01  -2.9181447270217337e-01  -7.0721820603349039e-01   8.0137925643082852e-01   6.8560916203279709e-01  -3.5739276216176584e-02
  -4.9568874598781837e-01   2.3077261390434523e-01   1.5434439404721332e+00   1.2987826869691559e+00  -4.9969054282778791e-01  -1.2309824787820466e-01  -1.7610213234923272e-01  -9.4369517071092135e-01  -1.4513669174133053e+00  -1.5227245641655025e+00   4.2209547587364782e-01   6.4256698746748908e-01  -1.5580836154915145e+00  -4.1289736702665714e-01  -3.8644725356097302e-02  -8.1304763326794025e-02  -1.7550061764756189e-01  -2.3689005726397250e-02   4.4451104495415306e-01   5.6472737189067346e-01   9.0916421341886267e-01   4.4328511408833350e-02   4.0817186188452131e-01  -2.5723695423177262e-01   8.3790344312510490e-01   3.9515939525624773e-02   4.8371454064761100e-02  -7.7094184987624350e-03  -3.6577274180094771e-01   5.1064345527551369e-01  -1.2510497401062330e+00  -2.6828228371210450e-01  -2.7197074614949440e-01   6.4032984445292507e-01  -1.1020219665020463e+00   3.9415901453301050e-01   4.2898983740694474e-01   5.9408097786836600e-01   3.9300542097364244e-01   5.6913599251008151e-01  -4.5705391377322180e-01   3.7067892075149828e-01  -8.8187375236360122e-01   4.8447994255193516e-01   3.0754135669551597e-01  -1.7226003364775516e-01  -1.5999559532478358e+00   1.1314552289295825e+00  -5.2513800819176626e-01  -9.7628685268682436e-01
  -1.3631659555507554e-03   6.0481709246151927e-01   9.5459090570016125e-01   1.3146614141054111e-01  -6.6224015596456187e-02   4.7271893332797223e-02   8.3521886986543459e-01   5.5407399985756012e-01   8.0125893811679116e-02   9.5678260132714452e-02  -2.8667395768097570e-01  -2.7190555596385846e-01   4.5479014968735204e-01   7.7573431051068337e-03  -1.6145498522172022e-01  -2.3679435835992227e-01   1.8688277692657576e-01   2.0979241312365143e-01  -1.2236164986965857e-01   6.9672693132898589e-01  -1.3435035376581000e-02   3.0428532015601867e-01   1.0608806344714010e-01  -7.9487038717512032e-02   3.9724023406342285e-01   1.9138561459432790e-01  -6.2020798434349253e-02  -5.4623246558428429e-02   4.1494072563497769e-01  -8.8630670012130527e-02  -2.8315625723622829e-02  -8.0700634569124421e-02   3.0720640374807456e-02   1.6370958037581129e-01   7.0414834718355590e-01   6.3779776563279444e-01  -6.5405819563085069e-02  -6.8964440605480584e-02   2.4434961128961699e+00  -2.2578359982412946e-01   2.0834548552559759e-01   8.3134356780923957e-01   2.1722816866017644e-01   1.9388043144070549e-01  -6.5468165555585733e-01  -5.5273173247872098e-01  -8.1439384057473391e-02  -3.7700420797385786e-01  -3.5975077663191457e-01  -1.0891994896613925e-01
   9.5638719123127836e-01   6.2081880803811232e-02   5.1177478267225374e-03   1.0923570238350224e+00  -1.8681134341298181e-01  -4.3717335946343583e-02  -4.4452752611698731e-02  -7.0960194741738092e-01  -6.2869477163172138e-01  -3.4157257828102688e-01   1.0244544483259013e+00   2.1294510240176656e-01  -5.1159041442615616e-01   7.0981099035552320e-01   2.6934379838204692e-01   4.1826655326474033e-01  -3.3815604506684138e-02   6.9225396800893069e-02  -6.5514549687001433e-01  -3.7909152203535312e-01   4.0132762114929410e-01  -6.2152638988003595e-01   3.6581211285485242e-02  -7.2420765787633978e-01   1.8374393579490464e-01  -2.3560846685687015e-01   1.8630339521932224e-01  -4.9737588602939226e-02  -4.7458634875215022e-01   4.5989094524462026e-01  -6.0331034654500793e-01   2.8400526291609524e-01   1.8087922651767038e-01  -1.2240482529113904e-01   3.3159235267614512e-01   3.6554685893014555e-01  -4.3318868685827255e-01   1.1338255908422312e-02   7.5784727971350152e-01  -1.0659902631928722e+00  -4.9983006089102727e-01  -5.3567730072249542e-01   2.6055664945356355e-01   4.6379617106488641e-01  -6.8705779839738634e-01  -1.7814694610390625e+00  -1.1770591592749569e+00   6.3707497531456836e-01  -7.3799373820268299e-02   4.9675745732481805e-02
   9.1034510494952314e-01  -1.5269975406958138e+00  -1.5957204065687158e+00  -6.4042184213379338e-01   2.1416836066833969e-01  -3.9014564656869782e-01   1.1384810924924077e-02   3.9473989896726108e-01   8.1069097927426259e-01   6.4317955022630979e-01   1.1966555713538614e+00  -2.6045293660849739e-01   5.8361114740445579e-02   1.5510079375904162e-01   2.0771000045885138e-01   3.1574432460666929e-01  -8.6926281762406021e-01  -6.0912568716985471e-02   1.9618424683743352e-01   3.1497440467974019e-01  -6.0698041701225702e-01  -7.2702713819331299e-01   1.0976044604268594e-01   4.9447392991174887e-03  -4.8295005710126959e-02  -2.9545902173884075e-01  -1.1895323980162682e-01   4.6261237967609024e-02  -1.0213501502741851e+00   8.1110117812164026e-02   3.2416107295266727e-01   3.1023939512942234e-01   4.0142765705283406e-01   2.2536342998490169e-01   1.1345554234764439e-01  -9.5536284999620802e-01   2.8846213317999647e-01   3.6613942858354909e-01   1.4789436293697449e+00  -7.6872281448456903e-01   3.4770763769921753e-01  -2.1970278693138520e-01  -6.7953117686639153e-01  -2.8787910279431467e-01  -2.1656728157083918e+00   3.0510949504933421e-01   3.5403320534205829e-01   5.6756629451053542e-01   2.2050709756411099e-01  -2.3600294095833987e-02
   8.3606717001333886e-01   3.1446684115537127e-01   1.8617210544203247e-01   2.0012110398390623e-01   4.1998831754946825e-01   5.6821996737463853e-01  -4.1758750623761876e-01  -4.7814056053860832e-01   5.0042839940282913e-01   3.1002966982176416e-01  -8.7704197999587874e-01   1.8450420178081042e-01  -5.2173953092491809e-01  -4.9526909804374658e-01   9.9537657633611565e-01  -2.1707035638774858e-01  -6.3019043789710794e-01   7.0004116666899541e-01   2.8916987688046009e-01  -2.7413229852188598e-01  -1.3790035377690019e-01  -6.8746155300737777e-01  -2.1118264630803532e-01  -1.0241820388829996e+00  -2.6558085184883790e-01  -5.2754497688438817e-01   1.1178961843439786e-01   6.5363336948995732e-01  -3.4961540200185749e-02  -1.1765670578934437e-01  -3.4457855097839857e-01  -6.1413997118769703e-01  -3.8942898148516099e-02   1.4739424960387240e-01  -1.2672418191138870e+00   2.9419755319288698e-01   1.7243581163574054e-01  -1.5070259702479838e-01  -4.7066998414470063e-01  -3.3232366519637946e-01   6.8838288506313217e-01   4.7144101078131817e-01   3.8905763974382179e-01  -5.0027046504630378e-02  -1.6125097726147604e+00   6.8616274720810680e-02  -3.5333682787919674e-01  -5.8210425256798171e-01   1.6169846386571785e+00  -3.4162503921005022e-01
  -9.2918789665478743e-02  -6.2588870583033851e-01  -3.0520426374880405e-01  -1.3861095097256193e-01   3.4045834310679229e-01   9.2012933382625328e-01  -1.0785673300649732e+00   5.1940901401737927e-01   1.4440032697351957e+00   6.6681732367304725e-01  -6.5057323916680265e-01  -8.1030750951581479e-02   9.0174334062366590e-01   2.4271684747532643e-01  -9.6377708485438296e-01   5.8955619957890537e-01   3.0685182855411015e-02   3.1450904557942799e-01   1.1540326238981129e+00   4.2996800514060074e-01  -1.2974880444225168e+00  -1.1342296123043314e+00  -4.1350231071453619e-01  -5.4284230067814909e-01   1.3571438103574324e-01  -5.6833206664591240e-01   3.2106621162085430e-01   1.2706636508269850e-01  -3.0945535927950463e-01   6.6537108301093728e-01   4.5556502681948380e-01   2.1446175780456644e-01  -6.9374457284820501e-01  -9.2595365621783599e-01   5.5434249114342116e-01   6.4734370918498774e-01  -5.1454693941347374e-01   5.2841217422368603e-01   1.4171998802675390e-01   7.2413604216886596e-01  -1.7555849527615291e-01  -8.4793559564176146e-01   8.5349210368568032e-02  -5.2653930557680184e-01   7.4644671885832781e-01   1.6227928448859280e-01   1.1633833782012153e+00  -6.7924033577508691e-01   1.6077900986398141e-01   9.5308923200437701e-01
   8.4525001248025222e-01  -2.1074009518469178e-01   7.3794675726824366e-01   5.2587964772524254e-01   1.4346629666898233e-01  -3.8376984505395489e-01   4.9790701408433458e-01  -3.8671197289974807e-01  -2.5444057652179325e-01   3.7183055378323193e-01  -3.2451533107723285e-01   3.5277420810028343e-01   7.3341578567176810e-02   6.7174127466935176e-03   1.2480423077097880e-01  -2.3062035556578514e-01  -8.9007052597168235e-01   4.9402160531615363e-01  -3.2365162946486814e-01  -1.4934255351936843e+00  -2.3997064021341563e-01  -9.0901448999917533e-01   7.2865242174232614e-01   1.1132640327425571e+00  -6.3678458429808449e-01   2.1287704757399584e-01   1.6922620280878756e-01  -3.4946299302458683e-02   1.0092198777682273e-02  -2.0029617228973822e-02   1.5180111781017119e-01   4.3212314109943480e-02  -2.0409902114426126e-01  -7.8447596938306008e-01   1.4402662913496639e-01  -3.8992509483937998e-01  -1.1120749848324767e-01  -2.3950174288738562e-02  -3.9408891446365307e-01   6.3391461618974854e-02   4.7509841448880291e-01   1.2686113221433224e+00   9.3906294306986479e-02   3.7385552909887032e-01  -4.5706347648842860e-01   1.3415009515008625e-01  -6.4333856056708250e-01   2.0770367986191246e-01  -1.4725560139143917e-01   5.9044555089857298e-01
   4.7778191362804784e-01   3.7402951566624615e-01  -9.8537972674420021e-02  -5.3501282751449852e-01  -7.5176570669363244e-02  -4.6393086897678548e-01  -9.6918720849871090e-02   9.1491501798910069e-01   7.5250084197740097e-01  -4.6394950467391827e-01  -9.6484886134581185e-02   4.6472633508610355e-02   2.3128595039671765e-01   1.4614618580279767e-01   3.8491630774866692e-01   2.1837765705679688e-01   7.9942652564352748e-02   7.5951680073735339e-01   4.3046475427243508e-01   8.5247398724440426e-01   6.0151444373620999e-01   7.1703720725484033e-01  -1.1201027503339422e+00   3.4421698836138340e-02  -2.2070678385162554e-01   8.0786392829201886e-02  -2.1438674101533098e-01   2.0791886010142771e-01   4.0856906343491387e-03   7.4859249432416464e-01  -5.1578441003301745e-01  -2.4611651053498065e-01   3.1713679942392559e-01  -8.4750774757402747e-01   6.9296762071379625e-01   1.9448423499662835e+00  -1.5563742806813774e-01   1.3197530596103950e+00  -1.5061493189756328e+00   1.3346483448115054e-01   4.9110143390408489e-01  -8.1902953672109632e-02  -3.8789502876089538e-01  -1.8691002467834525e-01   5.2287634420010422e-02  -6.8723252891308850e-01  -4.5752922911753446e-01  -5.0690346669117992e-01   6.1292846579429273e-02   1.3895568357386906e-01
   8.5465698694168715e-02   1.1025704991253527e+00   1.3989266672116762e-01  -1.2723197587040684e+00  -3.7053939077263198e-01  -6.6722845443439627e-01  -3.9208447218472425e-01  -1.5812867671550508e+00  -6.1638248749088964e-01   3.8003272909493202e-01  -1.6266129758335060e-01  -5.2225013433061318e-01   4.0644218579392588e-01  -1.3695440740638581e-01   1.6517603717298923e-01  -4.9134455512287928e-01   9.1457908207000405e-01  -2.3552347544276411e-01   9.4079601156564407e-01   1.2107415053261723e+00   8.6541897886116670e-01  -1.3547327562895509e-01   1.5399894018826338e-01  -1.2020082136370884e-01  -4.7704805358725305e-01   6.5415948854138217e-01  -1.2478196092908612e-01  -1.0865602576256696e-01  -2.9768992461587918e-01   1.1613752056364762e-01  -1.7040588426143988e-01   1.8321371538710998e-01   2.6514931340397768e-01  -4.9951740775162505e-02   7.1685813139205246e-01  -5.8772716824595131e-02  -9.9023739846843284e-01  -1.2769395954741034e-01  -7.8552769095808039e-01  -3.0176494273572529e-01   2.2059675801227234e+00   1.3406462824398355e-01   4.0691595691478993e-01   5.1620734553838410e-01   7.4452414183418603e-03  -1.5993682753437048e+00  -6.6838734462416324e-02   8.2943409705331328e-01   2.4327124291965171e-01   1.5405430975101303e-01
  -5.2593078881858468e-01  -1.7532682938530819e-01  -2.5780653342094167e-01  -3.2032044320540648e-01   8.2185594579301788e-02   4.6250326061383923e-01  -5.5921532300849430e-01  -5.4481950444939663e-02  -2.0007478612928983e-01   8.1054574082492881e-01   2.3138289927240163e-01   8.5940148950026463e-01  -5.3496365650606914e-01   9.4705495065080791e-01   2.4788719366775250e-01  -4.2483926429783665e-02   3.9697646897000677e-01  -2.4532666843204096e-01  -3.5035217458638790e-01   3.9533589992541374e-01   1.6238736972213283e-01  -1.5261148581402817e+00  -2.2679083561754326e-02   9.1904062308413037e-01   5.4503985932676402e-01  -6.9469544258359744e-02   9.3322545222242936e-01  -6.6354883624593561e-02   2.4965320932784221e-02   1.8025066301581336e-01   2.8417498276902475e-01   6.0393165336524723e-01  -2.7326109054462094e-01   4.6911710602742246e-01   1.5006467517453659e+00  -1.7867746776332435e-01   1.3052211480631062e+00   6.7968128997032373e-01  -1.5661751597005551e+00   3.3569782410670773e-01  -6.2077907751834616e-01  -2.3802095627346385e-02  -2.5154819409492229e-01   6.1799166390160187e-01   5.8157193334336799e-01  -6.0787267391815769e-01  -3.1738802419273437e-01   1.0977106951297384e-01  -1.4902868763144481e+00  -7.7624997550933961e-01
  -1.2223226107536249e-01  -4.6210469255657932e-01   3.7347838195371186e-01  -7.5178302447873779e-01   4.6632220387795992e-01  -2.5039350095793511e-01   1.3920118051966244e+00  -3.2087459062623463e-01  -3.7451073114042149e-01  -4.4124181924152944e-01   1.0119325103845418e+00  -1.3541507373566683e-01   1.2068103015976200e-01  -3.7350449187942791e-01   1.0590139017214288e+00   5.9197115048145077e-01  -4.6691650032219895e-01   9.6648896288794572e-01  -3.9835525809272498e-01   1.0145678721026372e+00  -1.7850019561105920e-01   5.2195776042927695e-02  -1.1109334966284030e+00  -9.8632424640247340e-01  -5.4596853649765376e-01  -3.9825171489378691e-01   2.5826048240805477e-01  -2.9152380150841556e-01  -1.2656478019182310e-01  -2.1417760394132124e-02   3.9592247938683506e-01  -5.4128433702040138e-02  -3.7927579846092757e-01   4.5732150355817891e-01   2.7527994553948526e-01   2.9274242381290894e-01  -4.3244950522597757e-03  -4.2972894288953484e-01  -7.4842346620502387e-01   5.6256955474485515e-01   2.2669807472559936e-01  -6.8381549773593209e-01   4.4551738444186917e-01   4.6421293594271419e-02  -3.6932026394373874e-01   8.3233867349849600e-01  -1.7282784881984983e-01  -6.4698050646203731e-01  -1.1889313490648479e+00   5.2894039382031376e-02
  -5.5783051760117268e-02  -7.3880438023346218e-01  -5.9361410472339338e-01   7.1120073096551351e-01   9.9575887163872098e-02  -4.2636019952942927e-01  -8.7590174641263474e-01   3.9865214745259878e-03  -8.5091133360513688e-02   4.2246888399287313e-01   2.6793941274941568e-01  -7.1276492179021611e-01   1.5756072139678320e-01  -7.8399302846363395e-01   2.8934325089484719e-01  -2.6754274381175980e-01  -2.6104554112624656e-01   2.7454096190539068e-01   3.5807897046793907e-01   1.9845192849870916e-01  -5.1544807128149439e-01  -5.7661154341167842e-01   8.7212792332019839e-01  -5.9699498895794068e-01   5.2889126108510542e-01   2.3573695058347810e-04  -1.6299397749602283e-02   7.5472277839894047e-02  -7.1672955457656631e-02  -4.3933885329491600e-02   1.1532544295256070e-01   1.5357696487828792e-01   4.3302529919196286e-01   2.1448790443644966e-01   4.2211135309475334e-01   2.0890923966221051e-01  -8.2290969425477156e-01  -1.3374782212954978e-01  -6.2363839200180134e-02  -5.1484439855647501e-01   1.8728425433140346e-02  -5.9124837138589320e-02  -5.9515611321360906e-01   3.1191315657720808e-01  -7.8688810382263186e-01  -8.1753661996856730e-01  -4.2508548697227594e-01   1.5829262519598100e-01  -7.1632859168575624e-01  -1.0585747526771015e-01
  -5.4848970346679293e-01  -3.9773015767952224e-01  -3.7029917444980248e-01  -7.0060335503192472e-01   6.7932356211783479e-02   4.5602868858235912e-01   3.5471147016124466e-01   5.3673804925744895e-01  -2.5420100955981567e-01   7.3466380068709969e-01  -3.4862192775034673e-01   3.9470304669975309e-01   1.4801424361015456e-01  -3.5103925866785984e-01   3.6498103954016986e-01   1.0177668735975964e+00   3.2838293902150062e-01   2.6330175332698336e-01   2.7361977995272924e-01   6.4244429720461560e-01  -3.0495472759752368e-01  -9.0069954551409248e-01  -2.4122143603848403e-01   7.5633622240367598e-02   3.8278901765927864e-01  -1.4291759797510324e+00   7.7484717469375367e-02   2.7279474787923202e-01  -9.0897940640489494e-01   6.5946727940262198e-02  -1.0029270246147770e-01   7.1435918069726823e-02   5.2861892037236835e-01  -3.6100495626348744e-01   3.6115451124725523e-01  -1.9868482062944881e+00  -2.0664592954418190e-01  -3.8370190502246701e-02   1.5131246984884317e-01   4.7303147014318642e-01   5.8154438629700544e-01  -4.9663728932161755e-01  -6.3419218075453543e-01   5.8156913132423926e-01   2.0459347509707264e+00   1.7892458786365401e-01  -2.7013421645065500e-02  -5.4710001445950895e-01   1.5650570026517583e+00   1.1700398087095294e+00
   4.7720110351600287e-02   8.3780039993008745e-02  -1.3365289607979782e+00  -2.8428039676792427e-01   5.9439605139305553e-02  -6.2772134003683899e-01  -4.7984995042087364e-01   1.2891551750528703e+00   4.1013853325220884e-01   1.0200379098399137e+00  -4.4645318992081839e-01  -3.4488808201383414e-01   6.7323787422348724e-01   6.4672290480252792e-01   8.2285477863604062e-01   1.2384235635021178e-01   9.9751347895443898e-01  -2.6686436325693480e-01  -9.6867511333785561e-01  -1.9351732019573784e-01   3.4018984435025629e-01   5.1771977833101501e-01   7.1151002060294055e-01   1.8527165106500804e-01  -5.4034529809216525e-01   4.1463174569875144e-01  -2.4686195654748150e-01   5.5120953441456885e-02   2.8819114542555735e-01  -2.2665053029240415e-01   9.0290525224594997e-01   6.3470795132574342e-01   7.4455619465628931e-01  -1.4166945641252018e-01   1.3976127107333320e+00  -2.8601810445637704e-01   4.8525084081828379e-01   4.2804605691021536e-01  -1.3136601763536176e-01  -7.3435002123831938e-01   6.2457313730307695e-01   3.8099421182905407e-01   6.5336541285114091e-01  -5.6242910969012927e-01   6.9199192522981268e-01  -1.0469036544970562e+00   4.1268982196792911e-02  -4.7273416591849793e-01   7.4184732736495784e-01  -3.0469137918577839e-02
   1.3789652608876726e+00  -7.2644529894315513e-01  -6.8204913185246174e-01  -5.7362806055265214e-01  -4.0381579606891743e-01  -1.4689521401512964e+00   8.4269849616349557e-01   5.2272730503931186e-01  -2.4217343405680469e-01   6.2451966291760663e-01  -2.5511233068493311e-01   7.0841240018047846e-01   1.7648145759496583e-01   5.3048427498675965e-01   1.1030338017829724e+00  -7.1465775092297434e-01  -2.4539225674455634e-01  -1.7450409596229641e+00   2.3277120351646743e-01  -1.0236526830848287e+00   9.0631304123823275e-01   6.1254332476301732e-01  -4.2953588761537520e-01  -9.3656341938839996e-02  -1.7788647184379525e-01   7.6942233737485111e-01  -1.4836452605638514e-01   7.1564598760157494e-01  -1.3404580480980441e+00  -2.1828333216379692e-01  -1.1486595241075730e+00   5.4849885951873545e-01   4.3570638281799762e-01   1.1127410429692426e-01   1.0240743416942127e-01  -8.6297383729160804e-01   1.0480193170988814e+00  -7.8679118895088496e-01   9.6931195900028844e-01   2.1992679695209049e-03   5.7950336378020995e-01  -1.0253156006580593e+00   1.6837131177985525e+00  -1.1253279774541698e+00  -8.0095478187900904e-01  -1.1972983700714378e-01   1.3024964423152352e+00   1.9964760484886393e-01   2.1038027644337025e+00   3.3166599360376142e-01
  -1.0419734252886999e+00   8.8352298894621184e-01   1.1906032315052659e+00   3.9040768246289292e-01  -4.7059622381586598e-02  -3.0161468878094672e-01  -3.9641468603924318e-01   7.3964148041041355e-01   4.3081586801745120e-01  -1.9167037032871942e-01  -7.3867469422060949e-03  -5.6861685975205223e-01  -2.3015176201375467e-01   1.1404291795651000e+00   3.6651063810873741e-01   9.6027228887689539e-02  -1.9337459340935692e-01   4.2985303727392826e-01   3.0094638255684775e-01   5.0478890342803229e-01   5.5537101779824613e-02  -1.5286220366844205e-01   5.8410717884957844e-02  -1.6502696948200510e-01  -1.7007166767231049e-01   1.5067849394855970e-01  -3.4399906421723629e-02  -1.1338222530329879e-01   4.9660257978568845e-01  -2.9726166747128785e-01  -1.9424624374951526e-02  -4.8012141008176995e-02   2.8709116663889034e-01  -1.1432359618762536e-01  -4.7123589097566687e-01   6.7175184498272777e-01   5.8131962474990173e-01   9.2966139656535707e-01   4.9341113903461686e-01  -9.8347947449661066e-01   1.7941234441185605e-01   7.2401214588543028e-01  -3.2821596060786262e-01   4.6297548741066757e-03  -5.2476730362905433e-01   2.5162026886969713e-01  -1.1469660463198956e+00  -4.6715262409587593e-01  -1.1945865656911175e-02   5.4707117823643431e-03
   1.3909562190633115e-01  -2.8844105987194296e-01   7.6037366140217932e-01   1.7569907851142921e+00   2.6250679551898465e-01   6.0948398843919882e-01   5.7922053089821524e-01  -1.3370234464723258e-02  -3.1813729780616984e-01   7.9533378217028161e-01  -4.7878261491896473e-01  -8.4515491236167209e-02  -1.0017254959395547e+00  -5.0557829044245317e-01   6.4494245568659447e-01   8.7049075652284902e-01  -9.2463132189764541e-01  -4.8542654735090007e-01  -1.0946728653968826e-01  -3.0391019012907045e-01  -1.1756306817434756e+00  -2.0510697103427572e-01  -1.0173499668420688e-01   1.0080531799102339e+00  -1.4377115593926206e+00  -1.6033650420421284e+00  -6.1319920240902237e-01  -1.1309576868511742e-03  -5.0737932019518997e-02   3.4728984579744226e-01   7.0618544997292498e-01  -3.3331247046500639e-01  -1.3399595522129309e-01   5.4224232883763590e-01  -6.7073785566903310e-01  -3.3346870257143607e-01   2.1655921899808872e+00   6.8764076965315224e-01   3.5275346798460810e-01   4.8594225994924539e-01  -2.0830138146511254e-01  -2.0251339722978220e-01  -6.0728618344258772e-02  -1.3985546507962532e+00   1.2732909694676517e+00  -1.7142720887393947e-01  -6.1282126749262922e-01  -1.9355882438161016e-02  -1.2318620478820440e-01   5.5712185016309868e-01
   5.4543255455264017e-01  -6.6577591886789378e-01  -8.6482159478890575e-01  -3.8401573010778572e-01   3.0148511979982856e-01   7.3432167321413611e-01   7.9665421685319593e-01   5.7314572040404643e-01   1.1124615801734588e+00   3.6110735840887681e-01  -8.9615858555193906e-01   4.7778121881890478e-01   5.7263450922531034e-01  -7.0157291923098963e-01  -9.3837301654530492e-01   5.5842981705507921e-01  -6.7898035340445817e-01  -1.3318083439508119e+00   9.0902879254561586e-01   9.0346206209304414e-01  -1.2737401485242856e+00   4.4507042341094943e-01   3.3502073932941551e-01   1.7698256521509270e+00   7.4751193301738558e-02  -6.2262742147578631e-01  -7.5641353421784263e-01  -3.2427983261313337e-01  -3.3353052009987227e-01   6.5903690087658284e-01   2.5083639947854458e-01  -8.6951165989272522e-02  -6.0327417442348352e-01   5.2550681134973554e-01  -8.5998194738090161e-01  -6.1582462360236645e-01   7.5500083098659976e-01  -3.4933336425882849e-01   8.8594722668749615e-01   2.0142074125017737e-01   2.3782161481668879e-01   7.1008046931660451e-01   6.7987804196728796e-01   6.6863756145848441e-01  -8.6548077155233361e-01   2.4663105886313008e-01   1.2913262410662263e+00  -7.2751010088773238e-01  -1.8788541280621854e-01   5.4607551133664467e-01
  -6.1039242980316835e-02  -1.0552494897128906e-01  -4.8256075205723209e-01   3.0313740824737617e-02   1.7813747052651563e-01   4.0125639157868787e-01  -6.5245233190615293e-01  -6.1651868438479129e-01   7.1055857071119874e-02   2.9852390808144329e-02   1.4995556501149945e+00  -1.3539116579871283e-01  -8.9771404767775620e-01  -5.9074552334867769e-01  -4.1343458364507407e-01   1.4869310101640887e-01   2.0653297711309856e-01  -7.7397950483362316e-02  -5.1414033023135908e-01   3.6769603272387447e-01  -6.8056256010166283e-01   1.4968728709563053e-01  -2.5637627956134801e+00  -7.5022422669333522e-01  -4.8862058078188708e-01  -1.5331900158444647e-01   1.3504975740402281e-01   2.0901594599750942e-02   2.0110948270892343e-01  -5.1565298813522664e-01  -2.2811286519606361e-01  -6.3215096688245520e-01  -5.2214957582709320e-01   1.7629247423283201e-01   1.0999032644235303e+00  -2.0917048104400485e-01   2.3664006582424960e-01  -7.1822662397462806e-03   2.2262786347968286e-01   1.4684458040843670e-01  -1.6032059192887689e+00  -8.0307374433832468e-01  -7.2045228299018116e-01  -9.5550613024055420e-01   4.6785634267205350e-01   2.0722397750425765e+00   3.2698022852938291e-01  -7.8260124373622120e-01   3.2375396804614259e-01  -2.7890893976836839e-01
  -6.6140609637289705e-01   1.2264336544011087e+00  -4.1002661167655918e-01  -2.0842279268380324e+00  -4.9806883843313954e-01   1.5328559776285416e-01  -7.9932651751657791e-01  -6.5378376435113544e-02  -4.9411746392017014e-01  -1.0134573202002689e-01   5.8314033062048409e-01   2.2647320635318763e-01  -7.5821548222709456e-01   9.2695766452446676e-02  -4.6781883516525913e-01  -2.8687370211502294e-01   2.5664741582882239e-01   1.7287494263655670e-01  -3.8871892182170464e-01   1.5357431787913607e+00  -4.0500360555761547e-02  -3.4388809034422269e-01   1.0871987948038970e+00   1.0366625489208607e-01   1.2559548403329523e+00  -2.8674204970318656e-01  -3.9862207044057674e-01  -4.2003610707539529e-01   1.5085852777695792e+00  -1.4665529826394470e+00   9.9777148039080499e-01   6.1152103601364227e-01  -8.3462036122518024e-01   5.7206730793113914e-01   7.5872954249012947e-01  -1.6707774002423368e+00   9.3956372391299292e-01   3.9533587119710034e-01  -1.1033151776296708e-01  -9.0095474627137306e-01  -1.6962051601005149e-01  -5.7941199605363958e-01  -5.9580394182735619e-01   1.8727734486733130e-01  -3.0851457315538788e-01  -7.8476583030414615e-01  -1.4788984376979175e-01   9.2715963014517810e-01  -6.0476617963644042e-01   1.6702998331658681e-01
  -1.0231408477226382e+00  -3.1566990879936774e-01  -4.5009893302980397e-01  -1.1300807437980542e-01  -6.7955301268187485e-01   3.0600883680335916e-01  -1.5054267904952101e-01   3.5920794660025268e-01  -6.7357538009927040e-02   4.8848300764116315e-01  -8.4228880060111277e-01  -3.7625160553062714e-01   3.9962431056728637e-01  -1.9173866172968884e-01  -3.9088713541997278e-01   1.9111617948357770e-01  -5.4751380420853368e-01  -2.1543381455392849e-01  -6.9861114906521105e-01   8.8324928845442108e-01  -2.3794979295436897e-01  -7.4941357429827449e-01   1.1648363776598567e+00   1.0528663343156315e+00  -2.3969432918671926e-03   6.9904030324751343e-01   7.8870317823450820e-01  -6.4019937211377465e-01  -1.9434219209333856e-01   2.7600946128493897e-01   1.2308510307492095e+00   3.1256420821463005e-01  -1.0898020093427893e-01   8.3559722359907995e-01   1.6257360109447783e+00  -8.4454433387545857e-01  -9.4046392643357646e-01   3.1639635364175545e-01   3.9759556011032773e-02   7.1592160495322210e-01   7.8815264065180191e-01  -7.9997246381129272e-01   5.2818786155958408e-01  -5.9265267893216012e-02  -1.2615976456059945e+00  -5.8830732991412192e-02   1.4260292789248628e+00  -1.2515474799068316e+00   4.0899116603240759e-01  -1.1779440073283409e+00
   3.8504968211331658e-01  -5.3207778659138127e-01  -6.9807700910259562e-01   2.4937475472299481e-01   3.6916518092026868e-01  -8.1924652382346738e-02  -6.6719909821827184e-01   4.3343152402385465e-01  -3.3484504978161117e-01   6.2348961239762546e-01   2.4907415205631647e-01   3.8847502034864501e-01  -3.0021846550649400e-01   6.5403284653729277e-01  -5.8633192571351622e-01  -3.1238109179308238e-01   4.9106231753309060e-01  -9.7265799979834744e-01   1.1766054152816574e+00   2.5551291813314786e-01   2.5722175558031785e-01  -8.9245471791435022e-02   7.5222136613603086e-01   9.1083537688821103e-01   1.9265207481890609e-01  -5.2933538448035893e-04  -3.8530126849131574e-01   1.3749729115830220e-01  -5.3019403283302302e-01  -5.9070563266697684e-01   3.6087440128314546e-01   1.9760290848474654e-01  -2.4000062600249306e-01   9.5645090682643086e-01   1.0706134821294719e+00  -7.5916238122799884e-01   1.7057431878956157e+00  -4.0713576422813119e-02  -1.2441440196531617e+00  -1.0243007047983004e+00   3.2812557076176263e-01  -3.4128390605288483e-01  -6.1116131429710929e-01   2.7377403683713636e-01  -1.9012586372071145e+00  -9.3732779601779359e-01   5.7292342294672560e-01  -1.2071232167395070e-01  -1.3182702600394851e+00  -4.2992117466791985e-01
   1.2555652907372089e-01  -1.3268672950198082e-01   2.5526855001154403e-01  -1.9286954772276418e-01  -1.0310182637634348e-01   2.7536852055056954e-01   1.9642330113605505e-01   1.3695328922522115e-01  -8.2966577175957214e-03  -1.6513349644503044e+00   9.4442821265324650e-01   3.8534041612408487e-01  -8.5919504771190786e-02   3.1497643892838362e-01  -6.0895207438660759e-01  -3.6432962620347831e-01  -8.9309851292959619e-01   5.7614764065527191e-01   4.4600861643887912e-01  -1.3226504574297429e-01   3.7349730157586575e-01   5.6400309716980268e-01  -1.8109448723930896e-01   2.9952966540013642e-01   9.0717412205869774e-01   2.2161309837896936e-01  -1.1346047984831820e-01   2.5445274433656717e-01   4.0621133428057503e-02   3.9587894146858876e-01  -1.9297688067231977e-01   9.1733087262404078e-01  -5.7971906147761665e-01   1.0216889032746602e-01  -1.1658938282868667e+00  -4.9176661306763425e-01  -1.3992212635570827e+00  -9.9920824888969889e-02   9.6410510573383595e-02   7.0777297267035655e-01  -5.8200976051699160e-01   4.6282425800526543e-02  -8.7817774122114656e-01   1.0818552004641133e+00   8.4534780320982605e-01  -1.5222008728754857e+00   2.6433150634777214e-01   1.0875986207405826e+00  -6.6590367146743068e-01   6.6957794269589210e-01
   4.8141973121008402e-01  -5.5308708620588565e-01  -1.7331312826230725e+00  -6.8146899217035117e-01  -2.3844048012635954e+00   6.8550020582999072e-01   4.8212327248543352e-01  -7.0260850961263577e-01  -6.4911884404679399e-01   4.0414460825825826e-01   1.0746093762725699e+00  -2.0899329771439554e-01  -5.2942928909466780e-01  -3.0074136602031687e-01   9.4908113953194007e-01   2.0477960664276121e-01  -9.6336458743258879e-01  -4.0456725599926052e-02  -4.8618785973849062e-02   3.6389113165575526e-01   2.4249539213845131e-01   1.1682073668242218e-01  -7.9570551683469859e-01   1.8293345489899584e+00  -5.5176588758993561e-01  -4.2366320884434400e-01  -6.8976357497097504e-02   7.3013458459488215e-02  -6.5628406282182328e-01   1.8407896482515840e-01   8.0268588172838606e-01   3.0793445294568444e-01   4.3278754052101986e-01   3.4453800089504427e-01  -4.5951655792402341e-01  -1.0116791423182048e-01   1.8156926926631764e-01  -1.5624492568673463e+00  -1.7084927339883227e-01   4.7921395317182119e-01   7.4338951070780557e-01   1.6557784762496852e+00   2.9013395823720739e-01  -1.5880125954046559e-01  -9.4616103703322330e-01   9.9865708289303567e-01  -1.1116961107793620e-01  -3.4847818017986881e-01  -1.2442563918345155e+00  -9.3360690659473700e-01
  -2.7687712914095386e-01  -3.0180697477128654e-01   8.8254406548167552e-01   8.3817069852791137e-01  -1.5140566692335733e-01   1.6165822291694765e-01   1.1799299922781212e+00   8.5062241515805948e-01  -1.9978931109092762e-01  -1.3520402382972815e-01  -1.7189008272866408e+00   8.8567864769342886e-01   1.1555822582941455e+00   6.6917781464722037e-01   3.6521936380628628e-01   4.3421326423972462e-01   1.3504838404447304e+00  -1.9055260972691390e-01  -4.1274384666679279e-02  -1.1431958365516786e+00   2.3962832128545239e-01  -3.9951881340292272e-01  -1.7179696201457020e-01   6.4984827153817426e-01  -1.1623296717342191e-01  -6.4443818749725301e-01  -8.6415904355432380e-02   1.4689221587521989e-01  -9.5571697589168936e-01   7.9393250764904943e-02   3.7199128705080070e-01   1.7716031592678572e-01   7.6292916955725121e-01   8.1263701947368983e-02  -1.6327452676022849e-01   8.8974488141250607e-01  -4.0003309598805881e-01  -1.2966245515623684e-01   7.3206294623660051e-01   3.2563505180792440e-01  -1.6674683009607233e-01  -7.1782275150131880e-01  -4.8498133249119929e-01  -8.4725578502437859e-01   2.5349064284952827e+00   1.8100654791992252e+00   6.1423090918459733e-01  -9.3102413693737840e-01   6.5587870951134863e-01  -1.0368645657898609e-01
   4.8219279488658801e-01  -2.4706556155304413e-01   4.5791158651715042e-01  -6.5539070625913076e-01  -8.6707422732053993e-02  -6.7276912709264813e-01  -5.9091240457527927e-01  -6.3488738457705507e-01   2.5704642199735434e-01  -2.4668105994410655e-01  -8.1739162227214626e-02  -7.1355017835156642e-01  -1.7761824717037081e-01  -1.6982191446640504e-01   2.2791987362357854e-01  -1.8458704573537871e-01   4.1873993881018551e-01  -1.6184612227231018e-01   7.6047901109796456e-01   9.6006409973933426e-01   5.6550658809862549e-02  -1.9050971420550977e-01   7.8858907728560823e-01  -3.8645260076658930e-02   1.3977488857783121e-01   1.3940890264632094e-01   3.9823639772593906e-03   3.1669752090652681e-01  -1.3089264099268380e-01   6.4880758353257817e-01  -3.5533990283038420e-02  -5.9710907806602265e-01   6.4879061870545618e-01   1.8101928259038902e-01   1.2778623042965680e+00   4.4745363232268359e-01  -2.1809675769118117e-01   7.4846111128942239e-02   1.4423256879649695e+00   1.2801168310527045e+00   9.1701262708603637e-01   8.6489110308127481e-01  -2.7703523132664504e-01  -2.5159078191009793e-01   5.3957639023957749e-01   4.9625781405744460e-02  -1.9340412320748149e-01   1.2173522213223458e+00  -7.0176684107643206e-01  -2.6062087125934741e-01
  -1.4298341563692352e-01  -7.3101927518295717e-01  -1.5995263971072289e+00  -1.0034166380878022e-01   6.1943050075710071e-01   1.5676194014508034e+00  -4.6457166753444934e-01  -1.0448164968933531e+00   6.5836788495097120e-01   8.9735152596732404e-01   1.0831833939348945e+00   5.7305260926586921e-01   8.1061976590098217e-01  -2.8916870753077434e-01  -3.2771249157549531e-01   6.2679139033916320e-01  -9.5376497286611822e-03   4.3483399116937771e-01   4.0347551948212851e-01  -3.1170224950476749e-02  -1.0374854247880605e+00  -7.0646882228199737e-01   1.6368569521215230e+00  -4.5353370302086365e-01   7.6658799428562241e-01  -1.3292450639361968e+00   1.6523179970135385e-01   6.9763779402962689e-02   7.5304915627364200e-01  -5.3229967783489551e-01   5.0349629525898332e-01  -1.7435433938912223e-01  -5.1886919801715381e-01   6.3122728833776554e-01  -6.7799639775751042e-02  -1.3128723845568400e+00   8.2953249138350860e-01  -8.0387475282101173e-01  -3.8380247869515804e-01  -1.1488168289368490e+00   1.8616749631852250e-01  -7.1102149892312283e-01  -3.1843162551966703e-01   9.0837346324935009e-01  -1.7899549788225413e+00  -2.9223909978362950e-01  -5.6845833458949702e-01  -6.2683589892575231e-01   7.6046071812283689e-01  -1.5589657307205365e-01
  -1.0968913263451425e+00   3.8780784972802940e-01   8.1578986908943285e-01   1.7611395120601947e-01   1.0768338315349549e-01   1.1012464815554872e+00  -2.9427834619803089e-01  -5.3745093316589387e-01  -9.8765233185620238e-01  -4.3547792655425238e-01   7.8326173758541884e-01   1.0109621424948356e+00  -5.2815446502524577e-01  -1.9918487537090321e-01  -1.0261861761960034e-01  -4.1494726449963010e-01  -6.8276278660420853e-01  -6.6801828448707989e-01   6.8602773589227251e-01   1.3076954295113037e+00   5.3893992772641716e-02   2.5613479243758147e-01   9.2810089722455591e-01  -2.4704368513642122e-01   1.4657310951491438e+00   4.6335175333142638e-02  -1.4877502852927665e-01  -3.8688190652446380e-01   1.0665794032119285e+00  -5.6191423736122148e-01  -2.4840140682163217e-01   6.2612975867798604e-01  -8.8611536101320873e-02   3.8721820235329346e-01  -8.5615752258906119e-01  -1.3862003434703493e-01  -1.7404652313298177e-01  -6.6939105195195225e-01  -8.7270928801262215e-01  -7.4933818209934930e-02  -1.0006237559828350e+00  -4.3342072152072496e-02   3.5383120488980230e-01  -1.3207512602279325e+00   1.4947820882423211e+00   3.2970160296472190e-01  -1.2745340390540454e+00  -6.1717755718352230e-01  -3.8336483469865468e-01   3.3156841137115511e-01
  -5.9200657353892544e-02  -1.0230383165698764e+00  -1.0296053896259629e+00   3.4491841823291840e-02   1.5911208928876841e-01   1.0774331203871493e-01  -3.9786837920053303e-01   1.4328174676279090e-01   1.8478560017611062e-01   9.6878290569877401e-02  -5.5136277021679718e-02   1.2736940070014132e-03   7.2908896297721648e-01  -1.4799894154226292e-01   8.3774197890105428e-02   3.6694399405752542e-01  -4.5007903728318766e-01  -8.8468160521322933e-02  -3.7385664177890043e-01  -1.3216896335885936e-01  -3.3536266954080257e-01  -3.4193345467905878e-01  -6.5834421520019254e-02   2.3943913698737324e-01  -3.5567691362673715e-01  -3.9538018765942440e-01   1.3136592441334127e-01   3.2722236643944448e-02   5.2813212452050361e-02  -1.8344316521961113e-02   2.1755803858540185e-01  -2.3563738782489135e-01  -2.2277368299816674e-01   2.4193325186000186e-02  -4.4399536794651601e-01  -8.2100924104463180e-01   3.0594788966956887e-01  -2.1086432213135695e-01  -1.5432260791504819e+00   1.7671153401865472e-01   1.8594387250144057e-01  -4.3120882306121516e-01   5.3264819984965149e-02  -3.0634079233006389e-01   6.0841758616887742e-01   9.6965717803221707e-01   9.2171673162408180e-02  -4.6148266652581682e-01   3.7266506102843655e-01   1.8404748038094038e-01
   9.6137029730831464e-02   3.7210309971108857e-02  -5.9098652108935934e-01   2.0722880702022717e-01   7.9109165739235909e-01   7.0177783921880199e-01   1.8219876257307163e-01   1.6816929880188539e-01   4.8149943696170455e-01   2.8216394750776558e-01  -9.7942981865793732e-01   7.5162606017196842e-01  -3.2436618248023164e-01   1.4904160062026830e+00   7.1655013539973467e-01  -2.2166743209552098e+00  -1.4455652123688794e+00  -1.1988939529916080e-01  -7.3444817707665122e-01  -8.1703313750484530e-01  -7.7799730610894013e-01   1.4419336011304438e+00  -4.2117267420001253e-01   9.8973171148306227e-01   5.8209124670268486e-01  -2.1448662467215778e+00   5.9527353369074842e-01  -2.1614908929171954e+00   5.3660931075620855e-01   2.3678044541171319e+00   5.3251008465336569e-01   3.4863650652628722e+00   6.1163668730830967e-01  -1.1619523289759424e+00   6.0937423048259598e-01  -9.4814525363983204e-01  -1.1419828166074406e+00  -6.9675095989956637e-01  -1.7946143010370768e+00   8.3721241700864935e-01   1.6585427540848983e+00  -2.8061328598700443e+00   1.7493263250284825e+00  -1.7933747843696387e-02   9.4777890256936570e-01   6.5114772187577025e-02  -2.5388631445507676e-01   1.4722759162099863e-01  -1.2258842885583894e+00   1.5021467195125886e+00
   1.0554502617815735e+00  -7.1245139476953423e-01  -1.4953123318591164e+00  -2.2270712825823855e-01  -1.9353002558893071e+00   1.1800556807007156e+00   8.1261725746167235e-01   9.8024962804632332e-01  -4.8577988118647419e-01  -6.6594311377145088e-01   1.3226562566190709e+00  -8.4174252450541598e-01  -6.2228441507684051e-01   1.3501369316658529e+00  -2.8039734559191585e+00  -7.6194453929974748e-01  -4.3552128334208517e-01  -1.8930478046216057e-01  -1.2081643551613146e+00  -1.5650941738742352e+00   2.5734796118471026e-01  -2.4826060548647613e+00  -2.2874746393532236e-01  -4.8227523362258151e-01   8.9354114980479360e-01   5.7780941194900859e-01   3.2257074149159637e-01  -1.6611533223313057e+00  -1.5047784948428788e+00   2.1013146092799486e+00  -2.1026473434765918e+00   7.9722875274477623e-01  -7.0256088638006342e-01   4.4162397467464376e-01   6.5576073141366655e-03   5.3636663254082770e-02   1.1796216972466318e-01   1.5877892805536298e+00  -7.1052253725315540e-01   2.1588875208588648e-01  -5.4384288294387462e-01  -3.5358605506292501e-01  -1.1592349108711544e+00   3.5336157106934771e+00  -2.6721657039340281e+00   9.8700336439605918e-01   1.3707456783238017e+00  -1.2658971556756644e+00  -2.0616962240699719e+00   3.2115412336194593e+00
   6.4251017692686996e-01  -6.9636815631013360e-01  -1.8281705194564457e+00  -5.7562438379504721e-01  -3.7165318454519575e-01   3.3733551068409817e-01  -4.8939676580875158e-01  -4.7443365837613649e-01   1.7784569496846006e+00   1.4195883388282129e+00   3.2782215656142845e-02   1.6658904762179268e-03  -7.2790547392544092e-01   4.2941975781534486e-01   8.2131779353885281e-01   8.9487677889849659e-01  -5.9630332780381312e-01  -1.6412553228182636e-01  -3.7948807355693603e-01  -1.0083553895505513e+00   6.5650328106653200e-01  -3.2829263713036494e-01  -3.6513944479119198e-01  -3.1326428740730716e-01  -9.1628560508786538e-01  -6.0860359689606802e-01   1.7841688531358266e-01   4.7547447415066429e-01  -9.4022963413960470e-01   1.1795786144064051e-01   1.4544805399383184e-01   2.2943091458502060e-01   5.1878822059047103e-01   6.6893406280658596e-01   7.0800131977875047e-01  -2.8634225983548101e+00   7.1117389079377480e-01  -2.5165860458238026e-01  -1.0013467878746274e+00  -5.9272512501026164e-01   3.5068615562795319e-01  -1.7845352579764259e-01   9.6378236657959193e-01  -5.7353484622619111e-01  -1.4937183323248812e-01  -5.3415872254550956e-01   1.2644309850341495e+00   7.6032460322559087e-02   1.7844730041679344e+00  -6.8967975757331967e-01
  -4.2192000972543131e-01  -1.2024824049624938e-01   7.9248307056417266e-01  -3.7159973557059367e-01   4.1414708191957395e-01   7.8449546461717798e-02   1.1424848021515350e+00   1.5865318371836698e-01  -8.1884537755882850e-02   1.0251918650457301e+00   5.2447369361827234e-01  -3.9417216083224828e-02   2.8800199277049726e-01   2.7443116720096339e-01  -5.5729456057488658e-01  -4.8115991900210631e-01  -1.2847067797390868e+00   4.4041551644897418e-02  -7.3930229156628802e-01  -7.1544820007264076e-01  -6.7170983297684422e-02   1.5116165494705880e-02  -1.0105938739128517e+00   7.9809367163806277e-01  -1.6832805399181025e-03   4.5048390594605064e-01   2.3964866304694080e-01  -1.7200605169204697e-01   4.9893476657857438e-01  -4.7165232735006823e-01  -8.8787003770526287e-04  -5.8500568457659130e-01  -9.4669490958969793e-01   1.4455531151997980e-01   9.1390036370090111e-01  -1.1187712850162237e+00   3.4295182377828431e-01   2.8506204670305305e-02   5.0127523083990155e-01  -5.3726280268850546e-01  -1.1621827871019548e+00   4.6701130694657166e-02   8.6563378162693083e-01  -3.3817935129259069e-01  -1.7065470352463705e-01   5.0586380071762749e-01   3.1320387625781781e-01  -5.9669570295351948e-01   9.5989564747795075e-01   1.8471992732242359e-01
  -1.4615632439647890e+00   1.4384245784154148e+00  -4.8272373395655488e-02   1.3608515814070418e-01  -1.2770584960344096e+00   1.2676069872559352e+00  -7.6537437242918827e-01  -1.1742677237120989e+00   4.3533566414540292e-01   1.3625622925923557e+00   2.3977117320245589e-01   8.3338140376697456e-01   6.4271867210809575e-01   2.6618377664575625e+00  -6.9451247948208417e-01  -3.4433336705754275e-01   3.7397479936575440e-01   3.6916136393599458e-01  -4.2241460208360265e-01  -1.0653124716749320e+00   1.2760389930644696e+00  -7.3807448870332937e-01  -7.5752306866433494e-01   8.2909551721928842e-01   9.4861983908612085e-02   1.0889834339354533e-01   5.5233946203440998e-01  -2.7509819900122667e-01   6.7000970076715038e-01   3.7169659387508264e-01  -1.6828579048940158e+00  -2.3508787243670284e-03   6.7642915764685368e-02  -7.8099888121378958e-01   1.2372885957665642e+00  -1.1908400459477559e+00   3.0931537709895185e-01   3.1748003648267625e-01  -1.3794704805338673e+00   9.7527597616461614e-01  -8.3492438296095794e-01   6.3697800390311710e-01  -9.1072003490158079e-02  -1.7558113464229624e-01   1.7038891596224470e+00  -3.8840546805701925e-01   5.9086890427703398e-01   6.1734473829487890e-01   9.8539081544302143e-01   2.7101757660640163e-01
  -1.5829018341284187e+00   1.2192879484379167e+00   2.0894578920378670e-02  -1.0214231217893059e+00   1.6874959950293558e+00   1.3666290334877078e+00   5.5392516600176557e-02   8.5504545031751877e-01   5.9565621356551392e-02   1.9007591986547170e-01  -2.1168612302419674e+00   1.3636703487934662e-01  -5.8124138859446028e-01   8.6191825517349774e-01  -2.7628023558616412e+00  -1.2779779969084066e+00   4.8225011784860783e-01  -7.8174426345890768e-01   7.1683130979757337e-01   8.8406315862315088e-01  -1.0307292643842247e+00   6.0762638435133076e-01   5.7367363981397346e-01  -1.3035259509997047e-02   1.4795371682591125e+00   1.2794804527810286e+00  -9.4207906082176718e-01  -1.0258559576952244e+00   6.1010870023064512e-01   8.3566722103510083e-01  -4.8856387330737222e-01   2.6824811550131067e-01  -1.4291020542628357e+00   1.7898689716102474e+00  -5.8810503959716187e-01   5.1087911909075731e-02   9.1306750862535457e-01   8.9023847738890749e-01  -5.4965136667906001e-01  -1.5911842280594179e-01  -4.0365715694426718e-01  -5.4351917618804835e-01  -3.0682508728491614e-01   3.3406693716837660e-01  -1.7654829395944691e+00   3.5012389642242309e-01  -2.8407373731070895e-01   3.4042585192779817e-01   5.3221101237035484e-01   1.7413268290474742e+00
   8.3757770294114089e-02  -4.4264814946435366e-01   1.3849810933171042e-01  -5.7792019660331417e-01  -5.4432844569283989e-01  -6.0318766289192735e-02  -6.9873840170075685e-01   1.7964030737589012e+00  -8.0756012358055429e-01  -3.0891505240592748e-01  -9.0815783975413045e-01   6.3635191174315853e-01  -6.0196354354359882e-01   2.9247958033681493e-01  -5.5573618559468840e-01  -1.3452442135368234e-01  -4.9212372016640865e-01  -1.4770720392779013e+00   7.4082447088867154e-01   1.0717298292563093e+00  -8.6984861416340520e-01  -2.6508180750246835e-01   1.2038379135595372e+00   2.1920344109543701e+00   5.9894755205297512e-01  -2.7297288456922120e-01  -1.0067423949332467e-01  -6.3918803384089229e-01  -7.9738002931816510e-01   3.1782919618379774e-01   2.5510783392351288e-01   1.1891476181683289e+00   6.6064399624198786e-02   1.1503273799656075e+00  -8.9076423933829330e-01  -1.7308749661085367e+00   1.1737289524980072e+00   5.0609855459133705e-02   1.8878123042369041e-01  -2.5130907824477964e+00   5.5466652838570829e-01  -8.1496546074767751e-01   3.4812872363990721e-01  -1.9065545362297656e+00  -4.0766617034290559e-01   7.8439619075700451e-01   1.0574783788073800e+00   1.0638130005491058e+00  -2.0164618113173773e+00   1.0150624157454036e+00
  -1.5300118377885999e-01   8.0078417250740608e-02   2.9849447480064874e-02   8.7268751974152980e-01   1.1466056500397086e-01   4.2708512274666754e-01   1.7490820036922405e+00  -8.5972499050125850e-01  -3.4575966371365069e-01   7.2402161019494718e-02   7.1805101980103903e-01  -5.3022304595515790e-01   4.2564686141756042e-01  -1.5214128874012334e-01  -1.4521171562905821e-01  -5.3285847716053669e-01   4.8398771770794702e-01  -2.3675761963114317e-02  -6.2867464698974762e-01   1.4095301275357806e+00   2.3158314993362727e-01   4.2386368284973874e-01   3.4188339108584687e-01  -7.1608569209045392e-01   8.8776399618186030e-01   3.9707446993857454e-01  -4.6967570832619807e-02   8.3346798900982844e-02   4.6781701475001924e-01  -6.5514129345524352e-01  -7.8805177278215552e-02  -6.2687023205453118e-01  -2.6195253453505341e-01   5.4582374112574029e-02   7.8922411843235274e-01   3.3156454107469757e-02   2.3684230017304292e-01  -1.1150436328998212e+00   2.7329766879033524e-01  -2.9091015304357143e-01   1.9181623594659872e-01   9.9065118636992489e-01   2.3094525152468945e-01   9.1922217143953522e-01  -2.0075667391668778e-01  -4.3164496859066243e-01  -1.1825693967127195e+00  -4.5125796404602825e-01  -1.9108192402252543e-02  -3.6444928707569180e-01
   3.8645215925413035e-03  -4.6407273981166358e-01  -3.8807779348585908e-01  -3.1947791490155580e-01   4.6088120553640816e-01   5.1487167171641757e-01  -1.4976875050415803e+00   1.1835665842414258e+00   4.9210805462267543e-01   1.4836178432808778e-01  -1.1454536482960027e+00  -3.5002458481485771e-01   6.3723163605753874e-01   7.8345960254486269e-01   2.3522261050814278e-01   1.3751215769171403e+00  -1.3137019796775857e+00   1.3986418010838910e+00  -1.3663602565237114e+00  -2.0763572020398741e-01  -1.1774288910559383e+00  -1.1597891999389207e+00  -2.7034570836918803e+00   1.8858896868921387e+00  -2.1031407869962733e+00  -1.0535107818194167e+00   6.8993950200530885e-01   6.5301122820985921e-02   1.6914362211170808e-01  -1.3665789083324706e-01   1.0525703351879903e+00   8.1072299373594858e-01  -6.0469245143749817e-01  -6.6835164972946670e-01  -9.9348022350751430e-01   2.7500675885059966e-01   5.4548230894120864e-01  -2.5066210123075178e-01   2.3147700235718696e-01   4.5608128052846941e-01  -1.2561331127757983e-02  -6.1445560938500920e-01   3.5224571927039977e-01   1.3246187451470697e+00  -8.6120337482997217e-02  -1.4550422127946003e-01   2.2193328242635091e+00   1.0132777291481239e+00  -5.2447295595133525e-01   1.9715497583781474e-01
   1.9838786908288308e-01  -1.6685083885822269e-01  -3.9480028252230231e-01   3.0376541748563295e-02   4.1287851950731641e-01  -1.4347355017432513e+00  -5.2364143793269091e-01  -1.5664846202410618e-01   3.5681585922595599e-01   6.5886789902189702e-01  -1.0050846167937103e-01  -4.5364841202916711e-01   5.2299925226414212e-01  -1.8267525135616536e-01   9.2875373792726823e-01   1.6341273163593881e-01   1.0492574731001902e-01   1.0831719844432472e+00   2.5872734111641338e-01   1.0304935367855936e+00  -6.6926092340177878e-02  -2.1990906028867696e-01  -2.0174475421773777e-01  -3.9670920775954188e-02  -2.3901197378169556e-01   9.1591036558864647e-01   5.1751192362200238e-01   5.1906186312313453e-02   4.3239479936841724e-01   1.3284625015488333e-01   9.0803206694688987e-01   1.7412054187515327e-01   3.9204939836102287e-01   1.0376896503730706e-01  -1.0035085883912951e+00   6.5857952088927096e-01  -9.9536988678219884e-01  -5.1517674579017991e-01  -3.5725715720776824e-01  -1.6350081514405137e+00  -3.4232820599740771e-01   2.3184495447479293e-03  -9.2269755847107293e-01   1.3813767788734861e+00  -6.8998228865531197e-01   2.4593961372632825e-01  -8.3421128477127504e-01  -4.6413717850327041e-01  -3.6238759060166387e-01  -6.1015263611773529e-01
   6.8482191091488565e-01  -6.6517967194791761e-01  -3.7113935811043947e-01  -4.6092032711497466e-01   1.3677600131610981e-01  -2.8192814720140957e-01   9.6964530632357415e-01   7.5284814150285817e-01   5.7678095404951246e-01   4.1284781642735818e-01  -1.6508095060265289e+00   6.7717300272143433e-01  -4.6053180527945475e-01  -1.9647408761380339e-01  -7.9087454496688614e-01   5.4064724819463295e-01  -3.5967449922428163e-01  -2.9868017062313224e-01  -6.8312697944831025e-01  -1.6486231156671682e+00  -3.9305915440588773e-01  -9.4157595849360465e-01  -4.9025983034607812e-01  -5.4614601747133791e-02  -7.3905801148003847e-01  -6.1581974825098029e-01   3.0150619978137150e-01  -4.6133517414864628e-01   2.4381925407727364e-01  -5.3933183680731208e-03   1.2171463677627827e+00   2.3993573763819920e-01  -1.6819617271498094e-01   2.9634442178015968e-01  -8.0146788559521143e-01  -4.7024419644728532e-01   3.4626572496521618e-01  -7.7138643077616764e-01  -1.2910907504816846e-01  -1.2305160706990008e+00  -1.6749861371403032e+00  -1.1146479819320192e+00  -6.4759602836867202e-03   4.4888249741343966e-01  -1.0944123052751755e+00   1.0433786224045682e+00   6.9425210569874085e-01   1.4160113922280442e+00   3.1419528453388251e-01   9.5792343053391216e-01
  -6.1230683508841899e-01   1.7387262913975990e-01  -8.1502247760037194e-01   2.0525814929383340e-01  -3.6521189574276586e-01  -5.8952343822661381e-02  -6.4527799755770709e-01  -2.4701113781299409e+00   7.0648446932793896e-01   3.6200130200759717e-01  -3.8952137146660376e-01  -8.3271554908341960e-01  -2.2053443953840204e+00  -6.8896946889529953e-01   6.8912541146459200e-02   1.6009645804653808e-01   8.6560317854187108e-01  -2.5242048182203075e-02   1.3150281343930386e+00  -5.5857622046872013e-01  -4.3538304426285301e-01  -6.8730056554350591e-02  -9.1369807074826292e-01  -2.7096730152274490e-01  -6.6601242438058506e-01  -4.9946733440690727e-01   4.1451277747160536e-02   1.4623596997781582e-01  -1.3832072021195376e+00  -3.4719680865150493e-01   3.2069329627325133e-01  -8.6197407905138482e-02   2.4863177851879925e-01   1.8550718983817602e-01  -1.3248257973296347e+00  -4.5568076436234828e-01  -8.7427978863362310e-01   1.0163500599527225e-01  -1.3586662229052424e+00   2.6265453220971163e-01  -7.2693489078038875e-01  -7.7126807626036198e-01  -1.0735528017277398e+00  -4.2096907665036742e-01   1.1638959200490788e+00  -6.8527749069612465e-01   4.5654473676556784e-01   1.8193466279202752e-01   1.0446800929079341e+00   2.1825853922150412e-01
   1.5770934316772838e+00
   1.4777873828145518e+00
   1.6192244993026736e+00
   9.3369317941427110e-01
  -1.1202338179440849e+00
   2.1495915194345980e+00
   2.2344625553176276e+00
   9.0789354361730235e-01
  -1.4186726273931551e+00
   1.6760332831451712e+00
   1.0817984323567398e+00
   2.1557169657268080e-01
   1.5932992798464332e-01
   2.4456706672462608e-01
  -1.8580432702228540e+00
  -3.9599781668569323e-01
  -2.4532958359371493e-01
  -5.6219510383239613e-01
   8.1715923058344631e-01
  -1.8682636820315432e-01
  -1.8480302613967058e-02
  -4.4015898439795137e-01
  -5.8573206939924827e-01
  -9.3510462797408223e-01
   1.2828927043001035e+00
   4.1102439628486831e-01
  -8.2147175362179781e-01
  -5.9267507676695830e-01
  -1.2915392210463279e+00
  -5.5651730515953746e-01
   2.9357333346652370e-01
   5.9036773230866468e-01
  -1.5473897598745114e+00
   6.9693364460645024e-01
   1.9581175004952458e+00
  -2.4434013076120027e+00
  -3.3133788736370789e-01
  -2.0568380872441487e+00
   5.6431011635167405e-01
   2.5928919466849787e-01
  -1.8913693863933057e-01
  -2.0874128474501150e-01
   1.4684915452411924e+00
   1.6569375167651690e+00
   1.0620603568722036e+00
  -2.2262559932720114e+00
   3.9685129942502051e-01
   1.3063126718805296e+00
  -1.4276646063530953e+00
   2.3131035865178293e+00
   9.4571192947815041e-01  -4.6329639989600380e-01   2.2975372872564921e+00   4.8924895235121211e+00  -1.5134324599346487e-02   4.2899044397454678e-01   6.1214170744156815e-01  -3.4543711268185939e+00   1.9249088971766323e-01   9.1891382834508673e-01   4.5234904507876603e+00  -7.8092565979583073e-01   1.1163215418153014e+00   1.6593594675838430e-01   7.2311974907168441e-01   5.0808159317797186e-01  -9.0391739570933327e-01  -2.3907436503723729e+00   4.2520246443435655e-01  -3.4452963128947717e-01  -2.1353629453824938e+00   6.1089343294806198e-01  -1.0859244515535669e+00  -1.0079117975744556e-01   9.5360115009802826e-01  -3.9443912248493629e-01   5.1582002745015010e-01  -1.6519306388558102e+00  -6.9102943426292063e-01   7.5598520852779003e-02  -1.0718111060479405e+00   3.4655019501085871e-01   3.9130370222617439e-01   4.0673944791567163e+00   1.8178037198098007e+00  -5.1415251574154708e-01   2.7527277677845952e-01  -5.0336816715737021e+00  -4.3769933564915585e-03  -6.3222155633845767e-01   3.4952642545369322e-01   1.1543428210517226e+00  -9.5994812268529639e-01  -2.4313621418482398e+00  -5.6863280459498167e-01  -3.5220718317382311e+00  -3.4332129478101221e+00   3.0688519537630971e-01   4.6992296507220516e-01   6.5016029537927444e-01
   6.4120059140446992e+00
   1.3776822432491200e+00   2.7084296409007100e+00
   1.4007039708632190e+00   3.5995693770953801e+00
   1.4007039708632190e+00   6.5953741439787903e+00
   1.2970217540535001e+00   5.7084751321525600e+00
   1.0606599999999999e+00   8.8916874526012499e+00
   9.9782977260831995e-01   9.2705983082688608e+00
  -7.0186337506499996e-01   4.7958436783919041e+00
  tansig   tansig
  6-50-50-1
