  0.513965803941034     
  0.301667238438209     
 -0.827770559057808     
  0.562850128700613     
 -0.353331868513513     
 -0.363620550854230     
 -0.307538468442284     
  0.575823963444499     
 -0.839041229910804     
  0.125866198057977     
  0.538438684703943     
 -0.836778729311497     
 -0.127515994360564     
  0.423808943387661     
   1.05408189977825     
  9.047382812161146E-002
  0.112304030191464     
 -0.105292158172390     
 -0.706313707140254     
 -0.556647390030711     
  0.703336478265580     
 -0.898209641729570     
  -1.51229090741619     
   2.66973686849532     
  0.117416861434698     
  0.554973787652289     
 -0.252531700486836     
 -0.510551494168915     
 -0.592091303728185     
 -0.233966953309589     
 -0.177873748570952     
 -0.513804377769468     
 -0.535299855975765     
  -1.27513312473361     
  0.439593877449946     
  0.622655406371326     
  0.343597850538508     
 -0.730618897081067     
  0.683372075237408     
  -1.62780173165048     
  0.381267974076390     
   1.23272853822122     
   1.15965107818235     
   1.26811691341989     
  -3.10365820184003     
 -0.195042391209420     
  0.503546718358261     
  0.126456069247811     
 -0.120805124762880     
  0.921943829742967     
 -0.361569595385767     
  0.429893749873249     
  0.563874795873671     
 -0.301222389676190     
  0.152232833010473     
  0.200728294229928     
 -0.169196612542723     
 -0.847777778053369     
 -0.180927733846086     
  0.734892680012160     
  0.239217654636735     
 -3.123992830985537E-002
  -1.26346848723746     
  0.400645653173380     
  -1.51138615299050     
 -0.229275458460967     
 -0.303634367149105     
 -0.215561201323975     
 -0.323836317722633     
  9.378309685391775E-002
 -0.125327619417936     
 -0.858299576860032     
  3.053997189347001E-002
 -0.461118750616603     
  9.948636065104138E-002
 -5.683613102326967E-002
 -0.615636918579685     
  0.651404921302603     
  9.670531585878364E-002
  0.579327140761639     
 -0.471368706192649     
  0.997454098944908     
 -0.310043393191483     
 -0.105757237612223     
 -5.755969051379904E-002
  0.303778351493065     
  0.872447582378215     
 -0.897474437671447     
  0.715513169219377     
 -0.714497175099674     
 
  0.913998515861914     
  -1.60813544289123     
 -0.214870496153776     
  0.474976936429801     
   1.72859134513061     
  9.570061674868204E-002
 -0.942553092482817     
  -3.28223793916783     
 -0.800516562346318     
 -0.476688544993768     
 -0.916566615993889     
  -1.08231789529379     
   1.15871934070911     
  -1.97125555695227     
   3.90747625136261     
  0.448254203265962     
 -0.354461586081611     
  8.180364177268593E-002
   1.33302316270115     
  0.691434716155047     
  -1.97963262298914     
  -2.30208734574705     
   1.81540968482580     
 -9.598071241402976E-002
 -0.983768171017767     
 -0.821631546253975     
 -1.822862174837133E-002
  0.476750810882560     
  0.391072102706279     
  -1.23809776540944     
 
  0.462027241103523     
  0.659822571735633     
 -0.502457692764504     
   1.00351096628215     
  0.515322034862073     
 -0.685904387042485     
  0.455701682849403     
  0.225344070598243     
  0.681638030201280     
 -0.464593609423619     
  4.150710838277128E-002
 -0.799544057115773     
 -0.556018382632150     
 -8.159259149483521E-002
 -0.708043456531242     
  0.333257769014303     
  3.973892987195197E-002
 -0.476187199994158     
  0.643411156310597     
  0.506505366237383     
  0.917191139554985     
 -0.850876404473054     
 -0.965991342451950     
  0.297512827062247     
  -1.47234979850874     
 -0.213657310167051     
  0.773346610559121     
  1.086304991175512E-002
  0.789572254791526     
  -1.70735265070120     
 -0.513738729418066     
  0.969414334153392     
  0.283367020083845     
  0.868364594281999     
 -0.212248900584581     
 -0.210882468356147     
 -0.383306251340847     
  -1.10742263429315     
 -0.239156180225173     
  0.482113423174992     
 -0.578180292064415     
 -0.347388011612214     
 -1.620776834772779E-003
 -0.344381417156949     
  -1.23998210055756     
 -0.589304936071653     
  0.814419133808312     
   1.15790208179347     
  -1.15092017043454     
   1.25816484338733     
  0.190259704338631     
 -0.153324169327152     
  0.121645281311325     
  0.345939710425268     
 -0.924924823829934     
  0.675391183805380     
  -1.93610458327284     
 -6.652984762521189E-002
 -0.202317006076604     
 -0.527747959412084     
  0.340574192850093     
  0.619469720326588     
 -0.587259954521669     
  0.665748242200405     
  0.666503950507622     
  -1.02672753826809     
  0.555523497593938     
  0.753188943543956     
 -0.302512457317225     
  0.513464927369701     
 -0.637745080346094     
 -0.398086402270682     
  0.295008678323492     
  0.259369363113994     
 -0.792008941268453     
  0.163507729004714     
 -0.474048111020435     
  0.665703112403432     
 -0.500969499803804     
  0.633934634817439     
 -0.263057746155989     
 -0.396342482987158     
 -4.478832964289148E-002
  0.526885264517136     
  -1.01886448326997     
   1.21592288648708     
  0.459406989197554     
 -0.559481171226705     
 -5.566110813164668E-003
 -0.259093001777700     
 -0.568902416090045     
 -0.886939288101055     
  0.697310998978331     
  0.591822381638889     
  0.754834019768325     
   1.06903306121895     
  0.900612189123215     
  0.152856638462949     
 -0.625349163395626     
  0.235583675644513     
  -1.05964598036576     
 -0.501251181190013     
  0.259173183744538     
  0.480751192777290     
  0.814587649831565     
 -0.121408939269694     
   1.41138815984345     
 -0.467858827715544     
 -2.995286384855425E-002
  0.761701682274934     
  0.934230703787023     
 -0.757235375489712     
 -3.895548997504100E-002
 -0.997057286343125     
 -0.249247231767137     
   2.33674689263244     
  0.766141942324719     
 -0.182393422719873     
 -0.574277526536131     
  0.247066859694133     
  0.705195377754877     
  0.803741665701649     
  0.663470881409963     
 -0.778984420586016     
 -0.509003375667055     
  0.496897048209150     
  0.145192057203485     
  0.131139733716469     
   1.00558032192060     
 -0.618111232688788     
  0.170115345056810     
 -0.567973687103356     
  0.497957596709478     
  0.259426352963329     
  0.732199822032794     
  0.113285961666784     
 -0.654626593496948     
 -0.386129558785703     
 -0.548072777185490     
 -5.038978503751133E-002
  0.530165935619876     
 -0.550519627060438     
  0.169050320474157     
  0.276543607362750     
 -8.057502014668742E-002
 -0.402973548056151     
  0.261176306030975     
 -0.414573745222343     
 -0.721058772464173     
  0.237306606725012     
 -0.125441003066206     
 -0.678092842266982     
  0.803198350101329     
  0.111898025035160     
 -0.358137865871454     
  0.513144814383038     
  -1.57286037282636     
   1.00952809097964     
 -8.903010566099386E-002
  0.527614864754493     
 -0.873786448029173     
 -8.467589804226107E-002
   1.10321053848564     
 -0.488052774806478     
  0.539348733083838     
  0.466927405046419     
   1.10272729459818     
  -1.45403167501345     
  1.873749524280796E-002
 -0.940547917611595     
   1.17512341177991     
 -5.355268958800800E-002
 -7.539306144146438E-002
 -0.863258490763394     
  0.511652836549093     
 -0.267313995801138     
  -2.67486709727099     
  0.541142056828733     
 -0.493368758370853     
  0.581518179965103     
 -0.135346105053495     
 -0.330352846946542     
 -0.622052914463281     
 -0.440907994012868     
 -0.244426818678352     
  0.390126661852819     
  0.484503887776994     
 -0.338952500786232     
 -0.144474675018293     
  0.221258524807711     
 -0.379026641854436     
 -0.127871680283697     
 -3.130286408005813E-002
  7.205420022369120E-002
 -0.752754806051592     
  0.294496564179278     
  0.417644210722903     
 -0.635308153439961     
  2.167272355593721E-002
  0.431753859751494     
 -0.266368413993110     
 -0.594327328704168     
  0.654937963725472     
  0.388238113865863     
 -0.466487696312343     
  0.808519683193917     
  0.761294559555000     
 -0.117232559253367     
 -0.154168484744708     
  0.739688585678562     
   1.11265405820538     
  0.636998189468366     
  0.363002397777014     
 -0.455719153536122     
 -0.817819824246339     
  0.703803250884548     
 -0.632991393922542     
 -0.531387605259361     
  -1.41501392246185     
 -0.497767689743172     
  0.290120917048655     
  0.375888008741240     
 -0.900568812128858     
  8.175572685647821E-002
 -0.734637242188944     
  0.717114312253718     
  0.392082583802198     
  -1.31836134159700     
   1.17038188562115     
 -0.487498114711594     
  7.097138034342237E-002
  -1.51529381213597     
 -0.500988487323904     
  8.178677565909527E-002
  0.531810137177734     
  5.448690466666632E-002
  -1.08672535877048     
 -0.190103914715515     
 -0.116270562724249     
  5.854032845062158E-003
 -0.754773240967186     
  0.957727470034654     
 -3.284100919726173E-002
   1.33862728436161     
  0.782518040067333     
 -0.646360598592558     
  -1.70356566167787     
 -0.516909618507973     
   1.80124130421212     
  0.666541163115640     
  -1.03864580033985     
  -2.09798408724874     
   1.10934848650125     
 -0.318111600524104     
 -0.554403386587127     
  -1.35515271418898     
   1.20403335862680     
 -0.158285907209431     
  -1.08809421075199     
  8.850947266247676E-002
 -0.413690145424659     
  -1.62376136497652     
 -0.828222841395792     
  -1.52064070944788     
  0.602172111224485     
  -1.53141758941086     
  -1.34651088281534     
  -1.82311005655901     
  0.239631008611259     
  -1.39282540411361     
  -1.02164287628603     
  0.832721582672886     
  0.327760690277539     
  0.217016516488184     
 -0.986116716964998     
  0.695274256984590     
  0.430951017445700     
 -0.962250191978538     
 -0.415876394993371     
  -1.13236882223877     
  0.134385614549906     
 -0.567787694728295     
  0.667701632277247     
 -0.293428697814941     
  0.408015126594370     
  0.499840330911380     
 -0.252801875170776     
  0.577751378314689     
  0.187818237204048     
  0.519514052263008     
  0.831506653428103     
 -0.787939799336165     
 -0.384621096660557     
 -1.045228930450628E-002
 -0.616802931493342     
  0.700178247131298     
   1.00440612757215     
  9.602292870969764E-002
 -5.893286831648174E-002
 -0.971802707226825     
  0.758913353968920     
 -0.832863484251335     
 -0.475164840840949     
  -1.03053847289285     
 -0.740422423092995     
 -0.809574244152644     
 -0.870231274750746     
  1.621796154807903E-002
  0.210741309770850     
 -0.359235556959623     
  0.888946595039735     
 -0.825379598686331     
 -0.531942723732863     
  0.218681801801032     
 -2.705873621794051E-002
 -0.350032123477937     
   1.23020658726563     
  0.125072943893873     
  0.932370843923291     
  6.160943162441127E-002
 -0.658122157073875     
  0.367252611725443     
 -0.202276196135085     
 -2.856459456470616E-002
  0.552574649635658     
   1.11379366325610     
 -0.215496360488394     
 -0.666149999284465     
  0.137371272368136     
 -0.665876305381928     
 -0.421375802836739     
  0.338200888579455     
 -0.367845277060170     
 -3.170277313033421E-002
  0.160688268427414     
 -0.880304670131149     
  0.920612172359127     
   1.50802573342783     
  0.252310403516987     
  0.120053857236605     
  0.810626340911504     
  0.549271774113335     
  0.528863462127034     
  0.387279800226015     
  0.112265895735534     
  0.538236549538568     
  5.208785714664440E-003
 -0.120559294512736     
  0.298029371668705     
   1.10654043029807     
 -0.319507746110994     
 -0.651140210542555     
  0.397434172596822     
 -0.695047004263635     
  -1.25849757743460     
  0.848845142152741     
  0.320675236485987     
  0.485601163221834     
 -0.606059350297996     
  0.214131253114916     
 -0.431878938702004     
 -9.672438275810284E-002
 -0.256333288031217     
 -0.247254461765242     
  -1.17124839469687     
  0.927589610497907     
  -1.02133368221089     
   1.30053817507499     
  0.828433518079511     
 -0.783841157777570     
  0.390571556635121     
  6.946151037879472E-002
  0.676670804941011     
  0.572839589325662     
  -1.41414412471947     
  0.656188681710358     
 -0.800273621070931     
   1.38722092903093     
 -0.573778906791157     
 -0.660093126605710     
   1.36561403373968     
   1.35779681920595     
  0.469152218890924     
 -0.729373788742370     
 -4.035184802997392E-002
  1.347089269882542E-002
   1.20787930507002     
  0.204802373164113     
  0.522973221573271     
  0.133777708556856     
  0.419590291315541     
  0.846404170258486     
 -0.780337010114149     
  0.299101704966061     
  0.208087934948965     
  -1.22637448607251     
  9.428216646897927E-002
 -6.852332640920634E-002
  0.493196908898726     
  -1.36438939740702     
 -0.156513223920097     
  0.607977582433112     
  4.552504609335082E-003
   1.12416672428846     
  -1.44944937257361     
  0.279544128942221     
 -0.481306684423951     
  6.993315423923890E-002
 -0.821269054311408     
  0.264397898300415     
 -0.980782252188359     
 -0.200279533771098     
 -0.481083086852192     
   1.07764585710371     
  0.469270547496093     
   1.83506574281471     
  3.279811341882666E-002
  0.638050665449306     
  0.721183213901387     
 -0.528680235955328     
   1.48177439379650     
 -0.359592599951217     
  0.616684435114053     
  0.472733346338109     
 -7.266999482066452E-002
  0.652573642274397     
   1.22364605749200     
  0.582569951388730     
 -0.347499623237843     
  -1.15502654011341     
  0.320161495361107     
  0.184934629486695     
  0.427710704489418     
 -0.251927779989032     
  0.438907832380250     
 -0.622288505213201     
 -0.169050154522307     
 -0.317058690576694     
  0.795620148347605     
  0.627972002746752     
 -0.224113078020468     
   1.09338878013032     
  0.875770223391271     
 -0.724466240264279     
   1.51500768066290     
  0.743119952793203     
 -0.442738947581431     
 -0.467229967676815     
 -0.252808046539718     
 -0.795962413894755     
  0.579253349435503     
   1.80507380581061     
 -0.819199683227774     
  -2.25455368015336     
 -0.588877641930649     
 -0.347344324733241     
  -1.64378876268121     
  -2.56544549949485     
  0.963277516345085     
   1.57158242202843     
 -0.779221775311159     
 -0.600936244821244     
  0.217271890794203     
  -2.11750006357609     
   2.21352209403990     
  0.498886082121469     
  0.819443364213609     
   1.39569463641739     
 -5.289145037631143E-002
  -1.10791212538898     
  0.442966343131067     
 -7.068726362435694E-002
  -1.44703936214821     
 -0.774373716303716     
  0.358747601980248     
  -1.41568341286031     
  -1.56520400456702     
  -2.43308372387929     
   1.55142921573741     
  -1.13364953678508     
 -0.821363495498035     
  0.179010588465363     
  5.813683033704325E-002
  0.756081149809375     
  -1.10853891482584     
  6.415161375677442E-002
  0.396622360910883     
 -9.382349462445745E-002
  0.302715966846812     
  5.550014232887366E-002
  0.148434810923042     
  0.195617223785698     
 -6.150955573730923E-002
 -0.525585751762856     
  9.830144580813462E-002
  0.432722359250984     
  0.349158395979302     
 -0.476566569669255     
  0.888529283431908     
  7.357589375933560E-002
 -0.592205960409353     
  0.615050861119730     
 -0.238054619147970     
  0.222692838525480     
 -0.662096067280194     
  0.737858404474076     
 -0.268603103422917     
 -0.246057884837382     
 -0.262565741336070     
  0.459389608275704     
 -0.622465748847328     
 -0.798828890810048     
  -1.12227337899008     
  0.389022065947963     
  0.580350803164602     
  0.963240375915781     
 -0.434079647874357     
  3.853053145956605E-002
  8.036600073565311E-002
  0.384296897760206     
  0.692546296414333     
 -0.426859981602031     
  7.099099004279985E-002
  0.508239724170383     
  0.298458164926090     
  -1.42586299774368     
  0.100659449244844     
 -0.441227465282958     
 -0.211198316303787     
 -4.399254988990127E-002
   1.00692309878432     
  -1.37009082857915     
  -1.02998202904977     
  7.882716829671703E-002
 -0.642725160073001     
  0.925326844819354     
  2.929621437935994E-002
  -1.41359539705142     
  0.584350309069667     
   1.04649739590040     
  0.389475032012842     
  8.151043044019364E-002
  0.895389837678246     
 -0.207407643812836     
  0.712315991815455     
  0.431543564502069     
 -6.536289732710444E-002
 -0.160649017751280     
 -0.968064952676448     
 -0.475804596938927     
  0.768963918940353     
  0.494308115356697     
 -8.759752399336972E-002
 -5.572707782954957E-003
   1.17772713165402     
  0.222643699349917     
 -1.970913026934162E-002
  0.685782133501215     
 -0.686432841753519     
 -0.714467873500174     
  8.504399033009237E-002
  0.526855230472092     
 -5.457343102294214E-002
 -0.405952398128423     
 -0.115121622321125     
 -0.218383793269629     
 -0.218485216501570     
  0.836172735357347     
  0.693549821438001     
  2.065984999315778E-002
 -0.133253535567227     
  -1.26609661094048     
 -0.608059314686894     
 -0.668124047988392     
  0.893138847169335     
 -0.920150457530812     
  0.759247172026069     
  3.709038447693996E-002
 -0.408369409731685     
 -0.705447325502493     
 -0.504638279464100     
  0.359438750043408     
 -0.281846421379155     
 -0.188523303441698     
 -0.506512188709091     
 -0.902034072808746     
  0.419577103992827     
  0.215397548025896     
  0.675581257089683     
  0.809905322163343     
  -1.55420606161857     
  0.329775954730297     
 -0.118965744732307     
 -0.330344483130183     
  0.786179044198161     
 -0.800385160631068     
 -0.692098822239475     
  0.307288429783583     
   1.46404955534830     
   1.09041215373063     
  0.509419998466916     
 -9.331033218787846E-002
 -0.688870777110556     
 -0.888401507662693     
 -0.363915258509070     
  0.523739880491271     
 -6.396877659887294E-002
  0.530077413736059     
  0.317849924810245     
 -0.401856424681951     
   1.39224738397415     
 -0.196400168547572     
 -0.269504244561804     
 -0.249323539505412     
  0.352999488415699     
  3.457543269764248E-002
  0.435572195489974     
 -0.438260770549367     
  -1.00449372377140     
 -6.779897536836671E-002
  0.756341759724749     
  0.544444673189689     
   1.33081576259961     
 -0.556523653376729     
 -0.239778012714159     
  0.808794274220709     
   1.26880013802994     
  0.219868333559803     
 -0.582896602317762     
 -0.688718640502397     
 -8.838235085425912E-002
 -0.746683873583365     
  -1.27730478219275     
   1.27980176416244     
 -0.436808189729453     
 -0.706896253276810     
  -1.21252033041124     
 -0.856791433712128     
   1.71936954855106     
 -0.256030191052863     
 -0.556315492069549     
  0.125331781564544     
  -1.10558775198196     
 -0.288999772785071     
  0.317480003808674     
 -0.643178584203049     
  0.150754256717126     
  -1.22081282578880     
   1.20051638750888     
  0.155834216377829     
   1.45371860597549     
 -0.115701287541183     
 -8.822648119949462E-002
  0.282176795586347     
  0.606307734424917     
  0.516683217120436     
 -0.257327813925074     
 -0.154673349199656     
  2.785529137974346E-002
 -0.780694068491060     
  0.418153108570369     
  0.557898959826158     
  0.784532663738764     
  0.243571971588022     
 -0.742240527717161     
  0.195279568636668     
  0.758565663291990     
 -0.720326295002880     
 -0.513668606979942     
  0.545001677028208     
 -0.775951939346059     
 -0.131000335521282     
  -1.14768956586605     
  0.717636851944789     
  0.334408818944522     
  0.837694369648633     
 -0.287220183648642     
 -0.789931371782530     
   1.05906545438915     
 -0.737845000041506     
  0.590222425020005     
 -0.829293976181120     
 -0.186701264806990     
 -8.694344075969537E-002
 -0.396844978315393     
  0.435389732750003     
 -0.394531602764408     
 -0.208718895024374     
 -0.492148552307872     
 -0.452010286258398     
  0.567249064985525     
 -0.157434513252247     
  0.146063362724101     
 -1.695511790687198E-002
  0.902966243809924     
  0.353244476084357     
  8.800820635863495E-002
 -0.472802655742317     
 -0.359741282059642     
 -0.352374118071072     
 -0.883686268095424     
 -0.348212696223297     
 -0.734781878207555     
 -0.523000411224902     
  0.536056443088703     
  5.335225372697158E-002
 -0.977212874572510     
 -0.639611441022759     
 -0.169231376762788     
  0.727775982018083     
  0.298084103646951     
  -1.13708718104667     
  0.487944353843395     
 -0.154224345572203     
 -0.786979294093517     
  -1.10742370112844     
  0.224267092137467     
  0.838192976355942     
  8.652443426318721E-002
  0.620379690233188     
 -0.465461254501989     
  0.151067424264349     
 -0.165828098841662     
  -1.48713460999566     
   1.18433704306086     
 -5.386333818668430E-002
  -1.10839665601853     
  5.788768586449850E-004
  -1.22227060343650     
   1.01991758274178     
  0.499076489943980     
 -0.107579593761867     
 -0.607912340130202     
  0.781250962922888     
  0.487158875282815     
  0.479921358631759     
 -0.727202546535691     
 -0.322396035933127     
 -0.635597459098703     
  0.139421254857056     
 -0.420999846225376     
  0.587235961036309     
  0.836651645853882     
  0.949846989827595     
  0.469853843747917     
  0.222875497127112     
 -0.780481157227900     
 -2.480895365669383E-002
  0.335353228065373     
  -1.41923647841976     
   1.35739893664374     
 -0.450303265419362     
   1.01265695381489     
 -0.259012077049196     
  0.216460447614504     
  0.361403579649325     
  0.921988181614806     
  -1.57376264501311     
  3.965962255732628E-002
  0.932018839624299     
  0.850671846629781     
 -0.910199042474524     
 -0.755951703742788     
  0.440225113364820     
  7.399618372340835E-002
  0.551771325516070     
  0.845284239745424     
 -0.295727384816488     
 -0.290107633753654     
 -0.373148462550383     
 -0.222040689780891     
  -1.50191218990509     
 -0.659487458155136     
  -2.37715823451409     
   1.00923844146565     
  0.273123873520924     
 -0.294206702680147     
  0.239485943271958     
 -0.650673520764760     
  0.700224736463013     
  0.358645706538413     
 -0.168916403826591     
  0.505414591824122     
 -0.891338649698995     
   1.43798595314151     
  -1.00927380385266     
  0.923728346760499     
  0.239574105450708     
 -0.279940724238233     
 -0.545964080273673     
  0.397228515429105     
 -2.886468446389955E-002
   1.05555931243976     
  0.491072165690970     
  0.387580570457983     
 -0.727538608081397     
 -0.953611601357106     
 -0.316756869121135     
  0.303775244177887     
  0.794989899714558     
  0.759345443060779     
 -0.454460806501057     
  0.627491762511796     
 -0.462759766446870     
  0.164774045655270     
 -7.219926960619749E-002
 -0.745039083855715     
  0.965366005363019     
   1.27893348023484     
 -0.434004627151729     
 -0.494889640140782     
  0.435002183752116     
  0.189076535756913     
  0.435502154135737     
  0.312928029449133     
 -0.329416381990029     
  0.116763044242454     
  0.730707902076446     
   1.30592249175923     
 -4.948771504669851E-002
  0.274757289905864     
  0.759904051542785     
  0.405281908660321     
 -0.286602416237275     
  0.214208416609960     
 -0.313939357199497     
  -1.03526347932692     
  0.756607896636037     
   1.11614894219457     
  1.707377199491086E-002
 -0.825677331258103     
  0.258005481307461     
 -8.609775362771314E-002
  2.818841575373780E-002
  0.384983581385589     
   1.82115024497799     
  0.258898380297134     
  0.161753626128153     
  0.473752439942148     
  -1.17946075833431     
 -0.835457966928238     
  -1.24765568049589     
  0.611494552011271     
  -1.51728209036818     
   1.37324121383792     
 -0.326945118173278     
  0.886884290063666     
 -0.219492591382578     
 -0.150789082945229     
  0.463607292761442     
  0.111525112597997     
 -0.239143095296888     
 -0.463210403387462     
 -4.012212410312796E-002
 -0.747790587546133     
   1.04685985634850     
  0.489169875750387     
   1.22209359266898     
  0.556706453970042     
 -0.151216954075729     
  -1.00530657376164     
 -0.110436630802582     
 -0.160319740864925     
  2.957747230213289E-003
  0.973894564342655     
  -1.42930508053620     
  0.917131049203138     
   1.24052531416469     
 -0.924088345794537     
  1.570198709865115E-003
  8.802258464750032E-002
  -1.48648915668467     
 -0.814743192009361     
 -0.366923276557840     
   1.21311813476988     
  0.397041199418784     
   1.09383202735951     
 -7.068746951485309E-002
  0.812278629802064     
 -0.408185378793912     
   1.17841030803337     
  0.846084194913287     
 -0.722543692248050     
   1.10775106672768     
   1.00246093828747     
  0.649361850611560     
  0.424132403222369     
  0.854630329041268     
  0.997314278205607     
 -0.570656530035848     
 -0.939533442153691     
 -7.770763757908540E-003
   1.33522940661863     
 -0.280701015017218     
  0.907454216339785     
  -1.21701447175738     
  0.252592065465966     
  0.237277061258273     
 -0.539817409003855     
  0.230480117256769     
 
  2.056651127255276E-002
  8.940835374045478E-003
 -0.641339287711312     
  0.216928133209252     
 -0.869936112277561     
 -0.697819544579011     
 -0.732013135173388     
 -0.387372852288315     
 -0.443375787204363     
 -0.318665192909594     
  0.330461009928669     
 -0.734033889154432     
 -0.693283973147604     
  0.542508025406253     
  1.582077363176424E-002
 -0.491192179157983     
  0.339668619808861     
 -2.663252417741660E-002
  0.510877478272971     
  0.341662980915002     
  0.876432810294650     
  0.339406094130268     
 -0.271715228486885     
  0.235314482872459     
  0.818176855320895     
  0.284149450698089     
  0.770114071901461     
 -0.486065956433357     
  0.485644255214808     
  0.222913752668417     
 
  -1.98361320771278     
 -0.422023242318092     
  -1.14989060484227     
  1.485541913467566E-002
 -0.676462747283744     
 -0.962353734208235     
 -0.894030553316692     
  -1.00934599221913     
  -5.38687467110493     
 -0.307642220473990     
  0.452921131954521     
  6.774970388682403E-002
  -1.09787598950304     
  0.105415676361085     
 -0.412996264200243     
  -2.30130938105572     
  0.983920884567452     
 -0.968784445875916     
   1.41042374360961     
 -2.541733469777140E-003
   2.30762217998220     
  -2.49079612733224     
  5.767895907990690E-002
   2.07577345799929     
 -5.846771539972858E-003
 -0.106312388833830     
 -6.925335075378163E-002
  0.407520610921092     
   2.18857411218921     
   2.28929711619487     
 
   3.85417263170123     
 
   1.31957060000000        3.24941680000000     
   1.31957060000000        3.24941680000000     
   1.34136240000000        4.54479280000000     
 
  3.839780000000000E-003   3.73209028000000     
 
  tansig  tansig 
   3 - 30 - 30 -  1 
rmse=   0.0577 meV
